# Asset: AEDCNY_otc
# Updated: 2026-03-22T00:16:22.870592
# Format: timestamp,price
1774155780.0,1.81995
1774155780.0,1.82
1774155780.0,1.82
1774155780.0,1.82005
1774155780.0,1.8201
1774155780.0,1.82015
1774155780.0,1.82008
1774155780.0,1.82016
1774155780.0,1.82016
1774155780.0,1.82021
1774155780.0,1.82012
1774155780.0,1.82015
1774155780.0,1.8201
1774155780.0,1.8201
1774155780.0,1.8201
1774155780.0,1.82011
1774155780.0,1.82011
1774155780.0,1.81996
1774155780.0,1.82001
1774155780.0,1.82001
1774155780.0,1.82001
1774155780.0,1.81993
1774155780.0,1.81996
1774155780.0,1.81996
1774155780.0,1.81986
1774155780.0,1.81986
1774155780.0,1.81995
1774155780.0,1.81995
1774155780.0,1.81991
1774155780.0,1.81996
1774155780.0,1.81996
1774155780.0,1.81983
1774155780.0,1.81943
1774155780.0,1.81949
1774155780.0,1.81949
1774155780.0,1.81955
1774155780.0,1.8195
1774155780.0,1.8195
1774155780.0,1.81953
1774155780.0,1.8196
1774155780.0,1.81964
1774155780.0,1.81964
1774155780.0,1.81955
1774155780.0,1.81948
1774155780.0,1.81948
1774155780.0,1.8193
1774155780.0,1.81933
1774155780.0,1.81917
1774155780.0,1.81917
1774155780.0,1.8191
1774155780.0,1.81901
1774155780.0,1.81901
1774155780.0,1.81901
1774155840.0,1.81889
1774155840.0,1.81871
1774155840.0,1.81871
1774155840.0,1.81877
1774155840.0,1.81895
1774155840.0,1.81895
1774155840.0,1.81884
1774155840.0,1.81887
1774155840.0,1.81893
1774155840.0,1.81893
1774155840.0,1.81876
1774155840.0,1.81882
1774155840.0,1.81882
1774155840.0,1.81916
1774155840.0,1.81908
1774155840.0,1.81908
1774155840.0,1.81908
1774155840.0,1.81912
1774155840.0,1.81919
1774155840.0,1.81919
1774155840.0,1.81918
1774155840.0,1.8191
1774155840.0,1.81927
1774155840.0,1.81927
1774155840.0,1.81921
1774155840.0,1.81932
1774155840.0,1.81932
1774155840.0,1.81916
1774155840.0,1.81893
1774155840.0,1.81901
1774155840.0,1.81901
1774155840.0,1.81907
1774155840.0,1.81914
1774155840.0,1.81914
1774155840.0,1.81898
1774155840.0,1.81893
1774155840.0,1.81896
1774155840.0,1.81896
1774155840.0,1.81892
1774155840.0,1.81892
1774155840.0,1.81892
1774155840.0,1.81883
1774155840.0,1.81904
1774155840.0,1.81899
1774155840.0,1.81899
1774155840.0,1.81904
1774155840.0,1.81911
1774155840.0,1.81911
1774155840.0,1.8194
1774155840.0,1.81946
1774155840.0,1.81941
1774155840.0,1.81941
1774155840.0,1.81948
1774155840.0,1.81954
1774155840.0,1.81954
1774155840.0,1.81962
1774155840.0,1.81955
1774155840.0,1.81961
1774155840.0,1.81961
1774155840.0,1.81968
1774155840.0,1.81968
1774155840.0,1.81968
1774155840.0,1.81964
1774155840.0,1.81968
1774155840.0,1.81964
1774155840.0,1.81964
1774155840.0,1.81961
1774155840.0,1.81961
1774155840.0,1.81961
1774155840.0,1.81962
1774155840.0,1.81967
1774155840.0,1.81971
1774155840.0,1.81971
1774155840.0,1.81978
1774155840.0,1.81983
1774155840.0,1.81983
1774155840.0,1.82003
1774155840.0,1.82007
1774155840.0,1.82011
1774155840.0,1.82011
1774155840.0,1.82026
1774155840.0,1.82031
1774155840.0,1.82031
1774155840.0,1.82029
1774155840.0,1.82029
1774155840.0,1.82047
1774155840.0,1.82047
1774155840.0,1.82041
1774155840.0,1.82028
1774155840.0,1.82028
1774155840.0,1.82028
1774155840.0,1.82013
1774155840.0,1.82006
1774155840.0,1.82006
1774155840.0,1.82013
1774155840.0,1.82021
1774155840.0,1.82021
1774155840.0,1.82037
1774155840.0,1.82043
1774155840.0,1.82043
1774155840.0,1.82043
1774155840.0,1.8204
1774155840.0,1.82046
1774155840.0,1.82046
1774155840.0,1.82051
1774155840.0,1.82058
1774155840.0,1.82047
1774155840.0,1.82047
1774155840.0,1.82056
1774155840.0,1.82051
1774155840.0,1.82051
1774155840.0,1.82056
1774155840.0,1.82052
1774155840.0,1.82039
1774155840.0,1.82039
1774155840.0,1.82034
1774155840.0,1.82028
1774155840.0,1.82028
1774155840.0,1.82007
1774155840.0,1.82016
1774155840.0,1.82064
1774155840.0,1.82064
1774155840.0,1.82074
1774155840.0,1.8207
1774155840.0,1.8207
1774155840.0,1.82077
1774155840.0,1.8206
1774155840.0,1.8205
1774155840.0,1.8205
1774155840.0,1.82054
1774155840.0,1.82058
1774155840.0,1.82058
1774155840.0,1.82066
1774155840.0,1.8207
1774155840.0,1.82062
1774155840.0,1.82062
1774155840.0,1.82074
1774155840.0,1.82067
1774155840.0,1.82067
1774155840.0,1.82081
1774155900.0,1.82098
1774155900.0,1.82094
1774155900.0,1.82094
1774155900.0,1.82106
1774155900.0,1.82102
1774155900.0,1.82102
1774155900.0,1.82124
1774155900.0,1.82131
1774155900.0,1.82127
1774155900.0,1.82127
1774155900.0,1.82133
1774155900.0,1.82119
1774155900.0,1.82119
1774155900.0,1.82143
1774155900.0,1.82149
1774155900.0,1.82153
1774155900.0,1.82159
1774155900.0,1.82155
1774155900.0,1.82155
1774155900.0,1.82147
1774155900.0,1.82139
1774155900.0,1.82147
1774155900.0,1.82142
1774155900.0,1.82132
1774155900.0,1.82132
1774155900.0,1.82146
1774155900.0,1.82151
1774155900.0,1.8216
1774155900.0,1.8216
1774155900.0,1.82156
1774155900.0,1.82156
1774155900.0,1.82169
1774155900.0,1.82165
1774155900.0,1.82165
1774155900.0,1.82177
1774155900.0,1.82177
1774155900.0,1.82177
1774155900.0,1.8219
1774155900.0,1.82154
1774155900.0,1.82158
1774155900.0,1.82169
1774155900.0,1.82173
1774155900.0,1.82173
1774155900.0,1.82186
1774155900.0,1.82191
1774155900.0,1.82195
1774155900.0,1.822
1774155900.0,1.82217
1774155900.0,1.82217
1774155900.0,1.82229
1774155900.0,1.82218
1774155900.0,1.82221
1774155900.0,1.8223
1774155900.0,1.8224
1774155900.0,1.8224
1774155900.0,1.82252
1774155900.0,1.82252
1774155900.0,1.82247
1774155900.0,1.82243
1774155900.0,1.82243
1774155900.0,1.82243
1774155900.0,1.82216
1774155900.0,1.82219
1774155900.0,1.82219
1774155900.0,1.822
1774155900.0,1.8221
1774155900.0,1.8221
1774155900.0,1.82205
1774155900.0,1.82192
1774155900.0,1.82192
1774155900.0,1.82197
1774155900.0,1.82202
1774155900.0,1.82202
1774155900.0,1.82202
1774155900.0,1.82202
1774155900.0,1.82186
1774155900.0,1.82192
1774155900.0,1.82188
1774155900.0,1.82188
1774155900.0,1.82178
1774155900.0,1.82182
1774155900.0,1.82182
1774155900.0,1.82185
1774155900.0,1.8218
1774155900.0,1.82183
1774155900.0,1.82183
1774155900.0,1.82177
1774155900.0,1.82184
1774155900.0,1.82184
1774155900.0,1.82183
1774155900.0,1.82178
1774155900.0,1.82173
1774155900.0,1.82173
1774155900.0,1.82205
1774155900.0,1.82205
1774155900.0,1.82205
1774155900.0,1.82205
1774155900.0,1.82231
1774155900.0,1.8224
1774155900.0,1.8224
1774155900.0,1.82236
1774155900.0,1.82229
1774155900.0,1.82229
1774155900.0,1.82217
1774155900.0,1.82212
1774155900.0,1.82221
1774155900.0,1.82221
1774155900.0,1.82217
1774155900.0,1.82212
1774155900.0,1.82212
1774155900.0,1.82221
1774155900.0,1.82227
1774155900.0,1.82227
1774155900.0,1.82227
1774155900.0,1.82222
1774155900.0,1.82215
1774155900.0,1.82215
1774155900.0,1.82215
1774155900.0,1.82206
1774155900.0,1.8219
1774155900.0,1.8219
1774155900.0,1.82196
1774155900.0,1.82189
1774155900.0,1.82189
1774155900.0,1.8216
1774155900.0,1.82169
1774155900.0,1.82164
1774155900.0,1.82164
1774155900.0,1.82169
1774155900.0,1.82173
1774155960.0,1.82173
1774155960.0,1.82173
1774155960.0,1.8217
1774155960.0,1.82165
1774155960.0,1.82165
1774155960.0,1.8217
1774155960.0,1.82166
1774155960.0,1.82166
1774155960.0,1.82192
1774155960.0,1.82197
1774155960.0,1.82201
1774155960.0,1.82201
1774155960.0,1.82217
1774155960.0,1.82212
1774155960.0,1.82212
1774155960.0,1.82213
1774155960.0,1.82208
1774155960.0,1.82212
1774155960.0,1.82212
1774155960.0,1.82221
1774155960.0,1.82229
1774155960.0,1.82229
1774155960.0,1.8227
1774155960.0,1.82267
1774155960.0,1.82267
1774155960.0,1.82276
1774155960.0,1.82276
1774155960.0,1.82282
1774155960.0,1.82293
1774155960.0,1.82298
1774155960.0,1.82298
1774155960.0,1.82298
1774155960.0,1.82303
1774155960.0,1.82297
1774155960.0,1.82314
1774155960.0,1.8231
1774155960.0,1.82321
1774155960.0,1.82325
1774155960.0,1.82318
1774155960.0,1.82323
1774155960.0,1.82329
1774155960.0,1.82334
1774155960.0,1.8233
1774155960.0,1.82334
1774155960.0,1.82348
1774155960.0,1.82345
1774155960.0,1.82354
1774155960.0,1.82354
1774155960.0,1.82349
1774155960.0,1.82364
1774155960.0,1.82359
1774155960.0,1.82355
1774155960.0,1.82349
1774155960.0,1.82355
1774155960.0,1.82361
1774155960.0,1.82349
1774155960.0,1.82353
1774155960.0,1.82348
1774155960.0,1.82356
1774155960.0,1.82366
1774155960.0,1.82355
1774155960.0,1.82376
1774155960.0,1.82367
1774155960.0,1.82363
1774155960.0,1.82373
1774155960.0,1.82379
1774155960.0,1.82375
1774155960.0,1.82371
1774155960.0,1.82367
1774155960.0,1.8236
1774155960.0,1.82317
1774155960.0,1.82321
1774155960.0,1.82321
1774155960.0,1.82311
1774155960.0,1.82314
1774155960.0,1.82318
1774155960.0,1.82328
1774155960.0,1.82323
1774155960.0,1.82315
1774155960.0,1.8231
1774155960.0,1.82315
1774155960.0,1.82311
1774155960.0,1.82311
1774155960.0,1.82305
1774155960.0,1.82327
1774155960.0,1.82336
1774155960.0,1.82329
1774155960.0,1.82325
1774155960.0,1.82331
1774155960.0,1.82324
1774155960.0,1.82343
1774155960.0,1.82332
1774155960.0,1.82337
1774155960.0,1.82344
1774155960.0,1.82341
1774155960.0,1.82331
1774155960.0,1.82317
1774155960.0,1.82321
1774155960.0,1.8231
1774155960.0,1.82315
1774155960.0,1.82315
1774155960.0,1.82326
1774155960.0,1.82312
1774155960.0,1.82321
1774155960.0,1.82327
1774155960.0,1.82331
1774155960.0,1.82336
1774155960.0,1.82348
1774155960.0,1.82352
1774155960.0,1.82343
1774155960.0,1.82329
1774155960.0,1.82329
1774155960.0,1.82322
1774155960.0,1.82325
1774155960.0,1.82336
1774155960.0,1.82346
1774155960.0,1.82346
1774155960.0,1.82342
1774155960.0,1.82342
1774155960.0,1.82348
1774155960.0,1.82311
1774155960.0,1.82324
1774155960.0,1.82294
1774156020.0,1.82303
1774156020.0,1.8231
1774156020.0,1.8231
1774156020.0,1.8231
1774156020.0,1.823
1774156020.0,1.82259
1774156020.0,1.82256
1774156020.0,1.82259
1774156020.0,1.82259
1774156020.0,1.82242
1774156020.0,1.82246
1774156020.0,1.8226
1774156020.0,1.82255
1774156020.0,1.82245
1774156020.0,1.82245
1774156020.0,1.82241
1774156020.0,1.82265
1774156020.0,1.82257
1774156020.0,1.82254
1774156020.0,1.82244
1774156020.0,1.82244
1774156020.0,1.82242
1774156020.0,1.82259
1774156020.0,1.82264
1774156020.0,1.82264
1774156020.0,1.82258
1774156020.0,1.82258
1774156020.0,1.82242
1774156020.0,1.82247
1774156020.0,1.8225
1774156020.0,1.82268
1774156020.0,1.82268
1774156020.0,1.82268
1774156020.0,1.82293
1774156020.0,1.82288
1774156020.0,1.82277
1774156020.0,1.82277
1774156020.0,1.8225
1774156020.0,1.8225
1774156020.0,1.82245
1774156020.0,1.82265
1774156020.0,1.82269
1774156020.0,1.82276
1774156020.0,1.82269
1774156020.0,1.82269
1774156020.0,1.82265
1774156020.0,1.82274
1774156020.0,1.82279
1774156020.0,1.82274
1774156020.0,1.82261
1774156020.0,1.82261
1774156020.0,1.82254
1774156020.0,1.8224
1774156020.0,1.82247
1774156020.0,1.82243
1774156020.0,1.82252
1774156020.0,1.82252
1774156020.0,1.82249
1774156020.0,1.82253
1774156020.0,1.82262
1774156020.0,1.82279
1774156020.0,1.82242
1774156020.0,1.82242
1774156020.0,1.82242
1774156020.0,1.82234
1774156020.0,1.82234
1774156020.0,1.8224
1774156020.0,1.82236
1774156020.0,1.82236
1774156020.0,1.82225
1774156020.0,1.82232
1774156020.0,1.82248
1774156020.0,1.82236
1774156020.0,1.82236
1774156020.0,1.82236
1774156020.0,1.82232
1774156020.0,1.82236
1774156020.0,1.82227
1774156020.0,1.82222
1774156020.0,1.82227
1774156020.0,1.82227
1774156020.0,1.82225
1774156020.0,1.8222
1774156020.0,1.82225
1774156020.0,1.82239
1774156020.0,1.82234
1774156020.0,1.82234
1774156020.0,1.82246
1774156020.0,1.8225
1774156020.0,1.82258
1774156020.0,1.82252
1774156020.0,1.82249
1774156020.0,1.82249
1774156020.0,1.82247
1774156020.0,1.82251
1774156020.0,1.82266
1774156020.0,1.82288
1774156020.0,1.82276
1774156020.0,1.82276
1774156020.0,1.82261
1774156020.0,1.82276
1774156020.0,1.82272
1774156020.0,1.82282
1774156020.0,1.82277
1774156020.0,1.82277
1774156020.0,1.82269
1774156020.0,1.82269
1774156020.0,1.82255
1774156020.0,1.82264
1774156020.0,1.8227
1774156020.0,1.8227
1774156020.0,1.82268
1774156020.0,1.82263
1774156020.0,1.82257
1774156020.0,1.82242
1774156020.0,1.82247
1774156020.0,1.82247
1774156020.0,1.82233
1774156020.0,1.82233
1774156020.0,1.82226
1774156080.0,1.82226
1774156080.0,1.8223
1774156080.0,1.8223
1774156080.0,1.82229
1774156080.0,1.82232
1774156080.0,1.82227
1774156080.0,1.82222
1774156080.0,1.82216
1774156080.0,1.82216
1774156080.0,1.82217
1774156080.0,1.82217
1774156080.0,1.82222
1774156080.0,1.82214
1774156080.0,1.82219
1774156080.0,1.82219
1774156080.0,1.82229
1774156080.0,1.82223
1774156080.0,1.8223
1774156080.0,1.82223
1774156080.0,1.82236
1774156080.0,1.82236
1774156080.0,1.82225
1774156080.0,1.82219
1774156080.0,1.82223
1774156080.0,1.8222
1774156080.0,1.8222
1774156080.0,1.8222
1774156080.0,1.82227
1774156080.0,1.82223
1774156080.0,1.82226
1774156080.0,1.82223
1774156080.0,1.82217
1774156080.0,1.82217
1774156080.0,1.82218
1774156080.0,1.82214
1774156080.0,1.82218
1774156080.0,1.82218
1774156080.0,1.82218
1774156080.0,1.82218
1774156080.0,1.82225
1774156080.0,1.82217
1774156080.0,1.82206
1774156080.0,1.822
1774156080.0,1.82195
1774156080.0,1.82195
1774156080.0,1.82166
1774156080.0,1.82161
1774156080.0,1.82169
1774156080.0,1.82175
1774156080.0,1.82182
1774156080.0,1.82182
1774156080.0,1.82193
1774156080.0,1.82183
1774156080.0,1.82176
1774156080.0,1.82171
1774156080.0,1.82171
1774156080.0,1.82171
1774156080.0,1.82166
1774156080.0,1.82144
1774156080.0,1.82138
1774156080.0,1.82138
1774156080.0,1.82133
1774156080.0,1.82133
1774156080.0,1.82091
1774156080.0,1.82097
1774156080.0,1.82092
1774156080.0,1.82104
1774156080.0,1.82093
1774156080.0,1.82093
1774156080.0,1.82092
1774156080.0,1.82092
1774156080.0,1.82099
1774156080.0,1.82104
1774156080.0,1.82114
1774156080.0,1.82114
1774156080.0,1.82104
1774156080.0,1.82099
1774156080.0,1.82104
1774156080.0,1.82109
1774156080.0,1.82117
1774156080.0,1.82117
1774156080.0,1.82132
1774156080.0,1.82124
1774156080.0,1.82135
1774156080.0,1.8213
1774156080.0,1.82141
1774156080.0,1.82141
1774156080.0,1.82137
1774156080.0,1.82145
1774156080.0,1.82138
1774156080.0,1.82146
1774156080.0,1.82136
1774156080.0,1.82136
1774156080.0,1.82165
1774156080.0,1.82158
1774156080.0,1.82167
1774156080.0,1.82173
1774156080.0,1.82168
1774156080.0,1.82168
1774156080.0,1.82175
1774156080.0,1.82171
1774156080.0,1.82166
1774156080.0,1.82187
1774156080.0,1.82191
1774156080.0,1.82191
1774156080.0,1.82172
1774156080.0,1.8219
1774156080.0,1.82213
1774156080.0,1.82216
1774156080.0,1.82221
1774156080.0,1.82221
1774156080.0,1.82204
1774156080.0,1.82199
1774156080.0,1.82222
1774156080.0,1.82217
1774156080.0,1.82224
1774156080.0,1.82224
1774156080.0,1.82211
1774156080.0,1.82206
1774156080.0,1.82215
1774156140.0,1.8223
1774156140.0,1.82226
1774156140.0,1.82226
1774156140.0,1.82229
1774156140.0,1.8222
1774156140.0,1.82193
1774156140.0,1.82189
1774156140.0,1.82192
1774156140.0,1.82192
1774156140.0,1.82206
1774156140.0,1.82211
1774156140.0,1.82216
1774156140.0,1.82212
1774156140.0,1.82204
1774156140.0,1.82204
1774156140.0,1.82214
1774156140.0,1.8218
1774156140.0,1.82185
1774156140.0,1.82177
1774156140.0,1.82168
1774156140.0,1.82168
1774156140.0,1.82173
1774156140.0,1.82167
1774156140.0,1.82171
1774156140.0,1.82126
1774156140.0,1.8213
1774156140.0,1.8213
1774156140.0,1.82129
1774156140.0,1.8215
1774156140.0,1.82167
1774156140.0,1.82174
1774156140.0,1.82165
1774156140.0,1.82165
1774156140.0,1.82165
1774156140.0,1.82177
1774156140.0,1.82168
1774156140.0,1.82153
1774156140.0,1.82148
1774156140.0,1.82148
1774156140.0,1.82135
1774156140.0,1.82183
1774156140.0,1.82174
1774156140.0,1.82174
1774156140.0,1.82191
1774156140.0,1.82191
1774156140.0,1.82182
1774156140.0,1.8217
1774156140.0,1.82167
1774156140.0,1.82172
1774156140.0,1.82177
1774156140.0,1.82177
1774156140.0,1.82122
1774156140.0,1.82115
1774156140.0,1.82129
1774156140.0,1.82113
1774156140.0,1.82108
1774156140.0,1.82108
1774156140.0,1.82109
1774156140.0,1.82114
1774156140.0,1.82095
1774156140.0,1.82088
1774156140.0,1.82093
1774156140.0,1.82093
1774156140.0,1.82089
1774156140.0,1.82079
1774156140.0,1.8209
1774156140.0,1.82094
1774156140.0,1.82089
1774156140.0,1.82089
1774156140.0,1.82104
1774156140.0,1.82104
1774156140.0,1.82107
1774156140.0,1.82098
1774156140.0,1.82111
1774156140.0,1.82111
1774156140.0,1.82124
1774156140.0,1.82119
1774156140.0,1.82119
1774156140.0,1.82121
1774156140.0,1.82127
1774156140.0,1.82121
1774156140.0,1.82121
1774156140.0,1.82117
1774156140.0,1.82121
1774156140.0,1.82121
1774156140.0,1.82142
1774156140.0,1.82146
1774156140.0,1.82142
1774156140.0,1.82142
1774156140.0,1.82133
1774156140.0,1.82137
1774156140.0,1.82137
1774156140.0,1.82136
1774156140.0,1.82131
1774156140.0,1.82128
1774156140.0,1.82128
1774156140.0,1.82114
1774156140.0,1.82124
1774156140.0,1.82124
1774156140.0,1.82126
1774156140.0,1.82122
1774156140.0,1.82127
1774156140.0,1.82127
1774156140.0,1.82138
1774156140.0,1.82147
1774156140.0,1.82147
1774156140.0,1.8213
1774156140.0,1.82137
1774156140.0,1.82137
1774156140.0,1.82133
1774156140.0,1.82133
1774156140.0,1.82133
1774156140.0,1.82123
1774156140.0,1.82143
1774156140.0,1.82156
1774156140.0,1.8216
1774156140.0,1.8217
1774156140.0,1.8217
1774156140.0,1.82142
1774156140.0,1.82136
1774156140.0,1.82132
1774156140.0,1.82139
1774156140.0,1.82147
1774156140.0,1.82147
1774156140.0,1.82115
1774156200.0,1.82123
1774156200.0,1.82119
1774156200.0,1.82122
1774156200.0,1.82117
1774156200.0,1.82117
1774156200.0,1.82126
1774156200.0,1.82126
1774156200.0,1.82123
1774156200.0,1.82127
1774156200.0,1.82131
1774156200.0,1.82131
1774156200.0,1.82119
1774156200.0,1.82119
1774156200.0,1.82119
1774156200.0,1.82129
1774156200.0,1.82144
1774156200.0,1.82137
1774156200.0,1.82137
1774156200.0,1.82143
1774156200.0,1.82143
1774156200.0,1.82138
1774156200.0,1.82131
1774156200.0,1.82124
1774156200.0,1.82135
1774156200.0,1.82142
1774156200.0,1.82135
1774156200.0,1.8218
1774156200.0,1.82184
1774156200.0,1.82191
1774156200.0,1.82195
1774156200.0,1.822
1774156200.0,1.82205
1774156200.0,1.82196
1774156200.0,1.82201
1774156200.0,1.82196
1774156200.0,1.82234
1774156200.0,1.82241
1774156200.0,1.8223
1774156200.0,1.82226
1774156200.0,1.82244
1774156200.0,1.82233
1774156200.0,1.82227
1774156200.0,1.82236
1774156200.0,1.82232
1774156200.0,1.82222
1774156200.0,1.82228
1774156200.0,1.82224
1774156200.0,1.82219
1774156200.0,1.82215
1774156200.0,1.82209
1774156200.0,1.82205
1774156200.0,1.82201
1774156200.0,1.82213
1774156200.0,1.82218
1774156200.0,1.82224
1774156200.0,1.82219
1774156200.0,1.82216
1774156200.0,1.82223
1774156200.0,1.82257
1774156200.0,1.82257
1774156200.0,1.82257
1774156200.0,1.82263
1774156200.0,1.82254
1774156200.0,1.8226
1774156200.0,1.82268
1774156200.0,1.82273
1774156200.0,1.82282
1774156200.0,1.82287
1774156200.0,1.82287
1774156200.0,1.82287
1774156200.0,1.8229
1774156200.0,1.82265
1774156200.0,1.82271
1774156200.0,1.8228
1774156200.0,1.82272
1774156200.0,1.82318
1774156200.0,1.82326
1774156200.0,1.82335
1774156200.0,1.82326
1774156200.0,1.82334
1774156200.0,1.82327
1774156200.0,1.82322
1774156200.0,1.82317
1774156200.0,1.8232
1774156200.0,1.82324
1774156200.0,1.82332
1774156200.0,1.82329
1774156200.0,1.82324
1774156200.0,1.82336
1774156200.0,1.82336
1774156200.0,1.82336
1774156200.0,1.82336
1774156200.0,1.82339
1774156200.0,1.82331
1774156200.0,1.82324
1774156200.0,1.82324
1774156200.0,1.82328
1774156200.0,1.82323
1774156200.0,1.82349
1774156200.0,1.82343
1774156200.0,1.82337
1774156200.0,1.8233
1774156200.0,1.8233
1774156200.0,1.82323
1774156200.0,1.82317
1774156200.0,1.82322
1774156200.0,1.82322
1774156200.0,1.82315
1774156200.0,1.82324
1774156200.0,1.8233
1774156200.0,1.82325
1774156200.0,1.82298
1774156200.0,1.82293
1774156200.0,1.82302
1774156200.0,1.82285
1774156200.0,1.8228
1774156200.0,1.8227
1774156200.0,1.82264
1774156200.0,1.82264
1774156260.0,1.82271
1774156260.0,1.82276
1774156260.0,1.8227
1774156260.0,1.82258
1774156260.0,1.82262
1774156260.0,1.82256
1774156260.0,1.82264
1774156260.0,1.82254
1774156260.0,1.8225
1774156260.0,1.82276
1774156260.0,1.82276
1774156260.0,1.82272
1774156260.0,1.8226
1774156260.0,1.82255
1774156260.0,1.8222
1774156260.0,1.8222
1774156260.0,1.82252
1774156260.0,1.82248
1774156260.0,1.82243
1774156260.0,1.82253
1774156260.0,1.8226
1774156260.0,1.82266
1774156260.0,1.82262
1774156260.0,1.82274
1774156260.0,1.8227
1774156260.0,1.82277
1774156260.0,1.82297
1774156260.0,1.82293
1774156260.0,1.82302
1774156260.0,1.82296
1774156260.0,1.82291
1774156260.0,1.82284
1774156260.0,1.82291
1774156260.0,1.82284
1774156260.0,1.82279
1774156260.0,1.82288
1774156260.0,1.82277
1774156260.0,1.82273
1774156260.0,1.82284
1774156260.0,1.82279
1774156260.0,1.82283
1774156260.0,1.82283
1774156260.0,1.82266
1774156260.0,1.82239
1774156260.0,1.82239
1774156260.0,1.82244
1774156260.0,1.82249
1774156260.0,1.82245
1774156260.0,1.82242
1774156260.0,1.82246
1774156260.0,1.82251
1774156260.0,1.8226
1774156260.0,1.82264
1774156260.0,1.82253
1774156260.0,1.82253
1774156260.0,1.82266
1774156260.0,1.82257
1774156260.0,1.82265
1774156260.0,1.82259
1774156260.0,1.82264
1774156260.0,1.82268
1774156260.0,1.82273
1774156260.0,1.82268
1774156260.0,1.82268
1774156260.0,1.82273
1774156260.0,1.82273
1774156260.0,1.8228
1774156260.0,1.82273
1774156260.0,1.82267
1774156260.0,1.82261
1774156260.0,1.82276
1774156260.0,1.82273
1774156260.0,1.82268
1774156260.0,1.82274
1774156260.0,1.82283
1774156260.0,1.82277
1774156260.0,1.82274
1774156260.0,1.82268
1774156260.0,1.82263
1774156260.0,1.82263
1774156260.0,1.82268
1774156260.0,1.82264
1774156260.0,1.82248
1774156260.0,1.82258
1774156260.0,1.82268
1774156260.0,1.82268
1774156260.0,1.82268
1774156260.0,1.82273
1774156260.0,1.82279
1774156260.0,1.82284
1774156260.0,1.82291
1774156260.0,1.82286
1774156260.0,1.82291
1774156260.0,1.82296
1774156260.0,1.82289
1774156260.0,1.82282
1774156260.0,1.82277
1774156260.0,1.8228
1774156260.0,1.82262
1774156260.0,1.8225
1774156260.0,1.82242
1774156260.0,1.82247
1774156260.0,1.82251
1774156260.0,1.82259
1774156260.0,1.82256
1774156260.0,1.82265
1774156260.0,1.82261
1774156260.0,1.82257
1774156260.0,1.82275
1774156260.0,1.82283
1774156260.0,1.82283
1774156260.0,1.82283
1774156260.0,1.82289
1774156260.0,1.82269
1774156260.0,1.82265
1774156260.0,1.82259
1774156260.0,1.82249
1774156260.0,1.82253
1774156260.0,1.82258
1774156260.0,1.82254
1774156320.0,1.8226
1774156320.0,1.82256
1774156320.0,1.82252
1774156320.0,1.82247
1774156320.0,1.82247
1774156320.0,1.82239
1774156320.0,1.82246
1774156320.0,1.82239
1774156320.0,1.82244
1774156320.0,1.8225
1774156320.0,1.82236
1774156320.0,1.82231
1774156320.0,1.82236
1774156320.0,1.82227
1774156320.0,1.82219
1774156320.0,1.82226
1774156320.0,1.82218
1774156320.0,1.82227
1774156320.0,1.82222
1774156320.0,1.82226
1774156320.0,1.82222
1774156320.0,1.82227
1774156320.0,1.82233
1774156320.0,1.82223
1774156320.0,1.82217
1774156320.0,1.82213
1774156320.0,1.8222
1774156320.0,1.82216
1774156320.0,1.82224
1774156320.0,1.82228
1774156320.0,1.82228
1774156320.0,1.82237
1774156320.0,1.82232
1774156320.0,1.82226
1774156320.0,1.82232
1774156320.0,1.82236
1774156320.0,1.82236
1774156320.0,1.82238
1774156320.0,1.82234
1774156320.0,1.82226
1774156320.0,1.82222
1774156320.0,1.82222
1774156320.0,1.82222
1774156320.0,1.82232
1774156320.0,1.82202
1774156320.0,1.82197
1774156320.0,1.82204
1774156320.0,1.82223
1774156320.0,1.82223
1774156320.0,1.8224
1774156320.0,1.82244
1774156320.0,1.82248
1774156320.0,1.82244
1774156320.0,1.82244
1774156320.0,1.82244
1774156320.0,1.82258
1774156320.0,1.82248
1774156320.0,1.82243
1774156320.0,1.82291
1774156320.0,1.82295
1774156320.0,1.82295
1774156320.0,1.82279
1774156320.0,1.8227
1774156320.0,1.82258
1774156320.0,1.82263
1774156320.0,1.82263
1774156320.0,1.82263
1774156320.0,1.82257
1774156320.0,1.82248
1774156320.0,1.82243
1774156320.0,1.82247
1774156320.0,1.82242
1774156320.0,1.82242
1774156320.0,1.82257
1774156320.0,1.82265
1774156320.0,1.82269
1774156320.0,1.82269
1774156320.0,1.82276
1774156320.0,1.82276
1774156320.0,1.82272
1774156320.0,1.82265
1774156320.0,1.82262
1774156320.0,1.82266
1774156320.0,1.82261
1774156320.0,1.82261
1774156320.0,1.8225
1774156320.0,1.82243
1774156320.0,1.82243
1774156320.0,1.82248
1774156320.0,1.82242
1774156320.0,1.82242
1774156320.0,1.82192
1774156320.0,1.82197
1774156320.0,1.82202
1774156320.0,1.82202
1774156320.0,1.82198
1774156320.0,1.82198
1774156320.0,1.82197
1774156320.0,1.82187
1774156320.0,1.82183
1774156320.0,1.8219
1774156320.0,1.82193
1774156320.0,1.82193
1774156320.0,1.82187
1774156320.0,1.82182
1774156320.0,1.82188
1774156320.0,1.82193
1774156320.0,1.82189
1774156320.0,1.82189
1774156320.0,1.82192
1774156320.0,1.82183
1774156320.0,1.82183
1774156320.0,1.82172
1774156320.0,1.82166
1774156320.0,1.8217
1774156320.0,1.8217
1774156320.0,1.8217
1774156320.0,1.82182
1774156320.0,1.82182
1774156320.0,1.82201
1774156320.0,1.82194
1774156320.0,1.82184
1774156380.0,1.82184
1774156380.0,1.82176
1774156380.0,1.82176
1774156380.0,1.82176
1774156380.0,1.82162
1774156380.0,1.82162
1774156380.0,1.82169
1774156380.0,1.82169
1774156380.0,1.82156
1774156380.0,1.82165
1774156380.0,1.82165
1774156380.0,1.82159
1774156380.0,1.82166
1774156380.0,1.82172
1774156380.0,1.82172
1774156380.0,1.82169
1774156380.0,1.82162
1774156380.0,1.82162
1774156380.0,1.82162
1774156380.0,1.82167
1774156380.0,1.82159
1774156380.0,1.82159
1774156380.0,1.82155
1774156380.0,1.82159
1774156380.0,1.82159
1774156380.0,1.8214
1774156380.0,1.8211
1774156380.0,1.82107
1774156380.0,1.82107
1774156380.0,1.82131
1774156380.0,1.82125
1774156380.0,1.82125
1774156380.0,1.82132
1774156380.0,1.82129
1774156380.0,1.82129
1774156380.0,1.82123
1774156380.0,1.82126
1774156380.0,1.82126
1774156380.0,1.82144
1774156380.0,1.82148
1774156380.0,1.82173
1774156380.0,1.8218
1774156380.0,1.82185
1774156380.0,1.82185
1774156380.0,1.82181
1774156380.0,1.82178
1774156380.0,1.82181
1774156380.0,1.82169
1774156380.0,1.82162
1774156380.0,1.82162
1774156380.0,1.82173
1774156380.0,1.82181
1774156380.0,1.82181
1774156380.0,1.82186
1774156380.0,1.82192
1774156380.0,1.82192
1774156380.0,1.82194
1774156380.0,1.822
1774156380.0,1.82224
1774156380.0,1.8222
1774156380.0,1.8223
1774156380.0,1.8223
1774156380.0,1.82255
1774156380.0,1.82252
1774156380.0,1.82256
1774156380.0,1.8225
1774156380.0,1.82259
1774156380.0,1.82259
1774156380.0,1.82254
1774156380.0,1.82239
1774156380.0,1.82232
1774156380.0,1.82227
1774156380.0,1.82241
1774156380.0,1.82232
1774156380.0,1.82232
1774156380.0,1.82238
1774156380.0,1.82247
1774156380.0,1.82247
1774156380.0,1.82226
1774156380.0,1.82231
1774156380.0,1.82237
1774156380.0,1.82237
1774156380.0,1.8222
1774156380.0,1.82227
1774156380.0,1.82227
1774156380.0,1.82215
1774156380.0,1.82208
1774156380.0,1.82215
1774156380.0,1.82215
1774156380.0,1.82215
1774156380.0,1.82222
1774156380.0,1.82222
1774156380.0,1.8219
1774156380.0,1.82183
1774156380.0,1.8218
1774156380.0,1.8218
1774156380.0,1.82175
1774156380.0,1.82188
1774156380.0,1.82188
1774156380.0,1.82197
1774156380.0,1.82193
1774156380.0,1.82198
1774156380.0,1.82198
1774156380.0,1.82206
1774156380.0,1.82216
1774156380.0,1.82216
1774156380.0,1.82204
1774156380.0,1.82198
1774156380.0,1.82194
1774156380.0,1.82194
1774156380.0,1.82201
1774156380.0,1.82205
1774156380.0,1.82205
1774156380.0,1.8222
1774156380.0,1.82232
1774156380.0,1.82236
1774156380.0,1.82236
1774156380.0,1.82227
1774156380.0,1.82235
1774156380.0,1.82235
1774156380.0,1.82226
1774156380.0,1.82219
1774156380.0,1.82214
1774156380.0,1.82214
1774156380.0,1.82206
1774156380.0,1.82211
1774156380.0,1.82211
1774156380.0,1.82199
1774156380.0,1.82199
1774156380.0,1.82194
1774156380.0,1.82194
1774156380.0,1.82199
1774156380.0,1.82191
1774156380.0,1.82191
1774156380.0,1.82155
1774156440.0,1.82159
1774156440.0,1.82169
1774156440.0,1.82169
1774156440.0,1.82164
1774156440.0,1.82172
1774156440.0,1.82172
1774156440.0,1.82164
1774156440.0,1.82156
1774156440.0,1.82151
1774156440.0,1.82151
1774156440.0,1.82142
1774156440.0,1.82132
1774156440.0,1.82132
1774156440.0,1.82133
1774156440.0,1.82141
1774156440.0,1.82124
1774156440.0,1.82124
1774156440.0,1.82136
1774156440.0,1.82143
1774156440.0,1.82143
1774156440.0,1.82183
1774156440.0,1.82179
1774156440.0,1.82226
1774156440.0,1.82226
1774156440.0,1.82229
1774156440.0,1.82232
1774156440.0,1.82232
1774156440.0,1.8225
1774156440.0,1.82243
1774156440.0,1.82234
1774156440.0,1.82234
1774156440.0,1.82237
1774156440.0,1.82241
1774156440.0,1.82241
1774156440.0,1.82254
1774156440.0,1.82249
1774156440.0,1.82245
1774156440.0,1.82245
1774156440.0,1.82239
1774156440.0,1.82236
1774156440.0,1.82236
1774156440.0,1.8229
1774156440.0,1.82273
1774156440.0,1.82267
1774156440.0,1.82271
1774156440.0,1.82261
1774156440.0,1.82261
1774156440.0,1.8226
1774156440.0,1.82254
1774156440.0,1.82254
1774156440.0,1.82254
1774156440.0,1.8225
1774156440.0,1.82257
1774156440.0,1.82248
1774156440.0,1.82244
1774156440.0,1.82248
1774156440.0,1.82253
1774156440.0,1.82244
1774156440.0,1.82235
1774156440.0,1.82229
1774156440.0,1.82233
1774156440.0,1.82233
1774156440.0,1.82224
1774156440.0,1.82231
1774156440.0,1.82227
1774156440.0,1.82227
1774156440.0,1.82221
1774156440.0,1.82225
1774156440.0,1.82232
1774156440.0,1.82237
1774156440.0,1.82237
1774156440.0,1.82237
1774156440.0,1.82232
1774156440.0,1.82217
1774156440.0,1.82235
1774156440.0,1.82226
1774156440.0,1.82242
1774156440.0,1.82242
1774156440.0,1.82275
1774156440.0,1.82275
1774156440.0,1.82279
1774156440.0,1.82288
1774156440.0,1.82288
1774156440.0,1.82288
1774156440.0,1.8229
1774156440.0,1.82284
1774156440.0,1.82277
1774156440.0,1.82289
1774156440.0,1.82294
1774156440.0,1.82294
1774156440.0,1.82286
1774156440.0,1.8229
1774156440.0,1.82297
1774156440.0,1.8229
1774156440.0,1.82283
1774156440.0,1.82283
1774156440.0,1.82258
1774156440.0,1.82262
1774156440.0,1.82262
1774156440.0,1.82255
1774156440.0,1.82263
1774156440.0,1.82263
1774156440.0,1.82247
1774156440.0,1.82264
1774156440.0,1.82264
1774156440.0,1.8229
1774156440.0,1.82295
1774156440.0,1.82295
1774156440.0,1.82286
1774156440.0,1.82286
1774156440.0,1.82291
1774156440.0,1.82285
1774156440.0,1.82289
1774156440.0,1.82289
1774156440.0,1.82308
1774156440.0,1.82308
1774156440.0,1.82301
1774156440.0,1.82298
1774156440.0,1.82308
1774156440.0,1.82308
1774156440.0,1.8231
1774156440.0,1.82314
1774156440.0,1.82308
1774156440.0,1.82312
1774156440.0,1.82322
1774156500.0,1.82322
1774156500.0,1.82323
1774156500.0,1.82327
1774156500.0,1.82336
1774156500.0,1.82327
1774156500.0,1.82319
1774156500.0,1.82319
1774156500.0,1.82254
1774156500.0,1.8226
1774156500.0,1.82257
1774156500.0,1.82242
1774156500.0,1.82238
1774156500.0,1.82238
1774156500.0,1.82222
1774156500.0,1.8223
1774156500.0,1.8221
1774156500.0,1.82226
1774156500.0,1.82231
1774156500.0,1.82231
1774156500.0,1.82222
1774156500.0,1.82214
1774156500.0,1.82208
1774156500.0,1.82217
1774156500.0,1.82208
1774156500.0,1.82208
1774156500.0,1.8219
1774156500.0,1.822
1774156500.0,1.822
1774156500.0,1.82215
1774156500.0,1.822
1774156500.0,1.822
1774156500.0,1.822
1774156500.0,1.82203
1774156500.0,1.82208
1774156500.0,1.82194
1774156500.0,1.82171
1774156500.0,1.82171
1774156500.0,1.82152
1774156500.0,1.82148
1774156500.0,1.8214
1774156500.0,1.82135
1774156500.0,1.8214
1774156500.0,1.8214
1774156500.0,1.82142
1774156500.0,1.82137
1774156500.0,1.82132
1774156500.0,1.82166
1774156500.0,1.82177
1774156500.0,1.82177
1774156500.0,1.82179
1774156500.0,1.82182
1774156500.0,1.82174
1774156500.0,1.82167
1774156500.0,1.82161
1774156500.0,1.82161
1774156500.0,1.82163
1774156500.0,1.82163
1774156500.0,1.82167
1774156500.0,1.82163
1774156500.0,1.82167
1774156500.0,1.82167
1774156500.0,1.82134
1774156500.0,1.82138
1774156500.0,1.82138
1774156500.0,1.82139
1774156500.0,1.82136
1774156500.0,1.82129
1774156500.0,1.82129
1774156500.0,1.82123
1774156500.0,1.82117
1774156500.0,1.82117
1774156500.0,1.82121
1774156500.0,1.82132
1774156500.0,1.82123
1774156500.0,1.82123
1774156500.0,1.82127
1774156500.0,1.8214
1774156500.0,1.8214
1774156500.0,1.82145
1774156500.0,1.8215
1774156500.0,1.82143
1774156500.0,1.82143
1774156500.0,1.82139
1774156500.0,1.82139
1774156500.0,1.82139
1774156500.0,1.82135
1774156500.0,1.82132
1774156500.0,1.82144
1774156500.0,1.82144
1774156500.0,1.82157
1774156500.0,1.82152
1774156500.0,1.82152
1774156500.0,1.8216
1774156500.0,1.82167
1774156500.0,1.82159
1774156500.0,1.82159
1774156500.0,1.82166
1774156500.0,1.82161
1774156500.0,1.82161
1774156500.0,1.82169
1774156500.0,1.82164
1774156500.0,1.8217
1774156500.0,1.8217
1774156500.0,1.82177
1774156500.0,1.82181
1774156500.0,1.82181
1774156500.0,1.82182
1774156500.0,1.82196
1774156500.0,1.82201
1774156500.0,1.82201
1774156500.0,1.82206
1774156500.0,1.82201
1774156500.0,1.82201
1774156500.0,1.82209
1774156500.0,1.82202
1774156500.0,1.82193
1774156500.0,1.82193
1774156500.0,1.82223
1774156500.0,1.82218
1774156500.0,1.82218
1774156500.0,1.82209
1774156500.0,1.82214
1774156500.0,1.82214
1774156500.0,1.82214
1774156500.0,1.82207
1774156500.0,1.82207
1774156500.0,1.82207
1774156500.0,1.82216
1774156500.0,1.82222
1774156500.0,1.82236
1774156560.0,1.82236
1774156560.0,1.82241
1774156560.0,1.82248
1774156560.0,1.82248
1774156560.0,1.82239
1774156560.0,1.82246
1774156560.0,1.82239
1774156560.0,1.82239
1774156560.0,1.82233
1774156560.0,1.82226
1774156560.0,1.82226
1774156560.0,1.82225
1774156560.0,1.82267
1774156560.0,1.82261
1774156560.0,1.82261
1774156560.0,1.82257
1774156560.0,1.82253
1774156560.0,1.82253
1774156560.0,1.82268
1774156560.0,1.82268
1774156560.0,1.82264
1774156560.0,1.82264
1774156560.0,1.82268
1774156560.0,1.82263
1774156560.0,1.82263
1774156560.0,1.82255
1774156560.0,1.82266
1774156560.0,1.82262
1774156560.0,1.82262
1774156560.0,1.82256
1774156560.0,1.82263
1774156560.0,1.82263
1774156560.0,1.82263
1774156560.0,1.82271
1774156560.0,1.82262
1774156560.0,1.82262
1774156560.0,1.8227
1774156560.0,1.82275
1774156560.0,1.82275
1774156560.0,1.82272
1774156560.0,1.82264
1774156560.0,1.82264
1774156560.0,1.82264
1774156560.0,1.82271
1774156560.0,1.82276
1774156560.0,1.82276
1774156560.0,1.82279
1774156560.0,1.82284
1774156560.0,1.82275
1774156560.0,1.82275
1774156560.0,1.82271
1774156560.0,1.82279
1774156560.0,1.82279
1774156582.898,1.82271
1774156583.396,1.82243
1774156583.881,1.82248
1774156584.093,1.82248
1774156584.397,1.82241
1774156584.896,1.82234
1774156585.292,1.82234
1774156585.896,1.82225
1774156586.397,1.82232
1774156586.899,1.82237
1774156587.4,1.82252
1774156587.899,1.82257
1774156588.293,1.82257
1774156588.899,1.82258
1774156589.401,1.82252
1774156589.9,1.82239
1774156590.399,1.82232
1774156590.899,1.82241
1774156591.295,1.82241
1774156591.9,1.82222
1774156592.402,1.82238
1774156592.902,1.82244
1774156593.402,1.82244
1774156593.887,1.82244
1774156594.296,1.82244
1774156594.903,1.82244
1774156595.402,1.82232
1774156595.903,1.82232
1774156596.404,1.82232
1774156596.903,1.82236
1774156597.296,1.82236
1774156597.938,1.82247
1774156598.405,1.82247
1774156598.89,1.82242
1774156599.097,1.82242
1774156599.391,1.82234
1774156599.89,1.82234
1774156600.299,1.82234
1774156600.921,1.82234
1774156601.423,1.8224
1774156601.923,1.82218
1774156602.424,1.82223
1774156602.924,1.8223
1774156603.3,1.8223
1774156603.941,1.82237
1774156604.439,1.82237
1774156604.939,1.82231
1774156605.44,1.82241
1774156605.941,1.82241
1774156606.3,1.82241
1774156606.956,1.82248
1774156607.458,1.82244
1774156607.974,1.82239
1774156608.474,1.82244
1774156609.007,1.82248
1774156609.475,1.82242
1774156609.989,1.8225
1774156610.489,1.8225
1774156610.99,1.82245
1774156611.49,1.82245
1774156611.99,1.82239
1774156612.3,1.82239
1774156613.008,1.82226
1774156613.507,1.82221
1774156614.008,1.82213
1774156614.507,1.82213
1774156615.008,1.82208
1774156615.538,1.82211
1774156616.039,1.82216
1774156616.555,1.82216
1774156617.058,1.82216
1774156617.558,1.82221
1774156618.076,1.82226
1774156618.574,1.82226
1774156619.092,1.82209
1774156619.59,1.82219
1774156620.091,1.82212
1774156620.591,1.82218
1774156621.109,1.82222
1774156621.608,1.82218
1774156622.109,1.82223
1774156622.612,1.82217
1774156623.102,1.82217
1774156623.609,1.82226
1774156624.11,1.82226
1774156624.609,1.8222
1774156625.109,1.82178
1774156625.609,1.82178
1774156626.103,1.82178
1774156626.611,1.82169
1774156627.097,1.82169
1774156627.598,1.82173
1774156628.113,1.82158
1774156628.613,1.82168
1774156629.103,1.82168
1774156629.597,1.82176
1774156630.113,1.82167
1774156630.613,1.82173
1774156631.099,1.82163
1774156631.615,1.82153
1774156632.103,1.82153
1774156632.616,1.82163
1774156633.131,1.82171
1774156633.615,1.82161
1774156634.115,1.82161
1774156634.631,1.82172
1774156635.104,1.82172
1774156635.631,1.82184
1774156636.132,1.82184
1774156636.631,1.8217
1774156637.12,1.82174
1774156637.62,1.82169
1774156638.107,1.82169
1774156638.635,1.8218
1774156639.135,1.82176
1774156640.15,1.82194
1774156640.652,1.822
1774156641.107,1.822
1774156641.638,1.82219
1774156642.153,1.82225
1774156642.667,1.82213
1774156643.167,1.82213
1774156643.653,1.82217
1774156644.108,1.82217
1774156644.653,1.82206
1774156645.152,1.822
1774156645.667,1.82246
1774156646.153,1.82267
1774156646.685,1.82262
1774156647.109,1.82262
1774156647.673,1.82276
1774156648.188,1.82272
1774156648.703,1.82267
1774156649.204,1.82274
1774156649.718,1.82306
1774156650.109,1.82306
1774156650.704,1.82306
1774156651.22,1.82301
1774156651.704,1.82307
1774156652.225,1.82312
1774156652.705,1.82317
1774156653.109,1.82317
1774156653.705,1.82306
1774156654.205,1.82319
1774156654.721,1.82309
1774156655.237,1.82279
1774156655.722,1.82271
1774156656.109,1.82271
1774156656.738,1.82277
1774156657.24,1.82284
1774156657.74,1.82255
1774156658.256,1.82251
1774156658.74,1.82237
1774156659.111,1.82237
1774156659.74,1.82241
1774156660.225,1.82227
1774156660.74,1.82238
1774156661.257,1.82234
1774156661.757,1.82245
1774156662.112,1.82245
1774156662.759,1.82249
1774156663.274,1.82255
1774156663.774,1.82238
1774156664.29,1.82238
1774156664.774,1.82233
1774156665.112,1.82233
1774156665.789,1.82247
1774156666.292,1.82251
1774156666.806,1.82255
1774156667.293,1.82255
1774156667.809,1.8225
1774156668.113,1.8225
1774156668.809,1.82273
1774156669.31,1.8227
1774156669.809,1.82266
1774156670.34,1.82261
1774156670.841,1.82255
1774156671.115,1.82255
1774156671.327,1.82248
1774156671.826,1.82248
1774156672.315,1.82248
1774156672.858,1.82273
1774156673.358,1.82269
1774156673.859,1.82273
1774156674.117,1.82273
1774156674.359,1.82281
1774156674.874,1.82288
1774156675.317,1.82288
1774156675.89,1.82272
1774156676.409,1.82286
1774156676.892,1.82286
1774156677.117,1.82286
1774156677.395,1.82281
1774156677.88,1.82277
1774156678.318,1.82277
1774156678.911,1.82282
1774156679.41,1.82287
1774156679.911,1.8228
1774156680.118,1.8228
1774156680.45,1.82276
1774156680.947,1.82272
1774156681.318,1.82272
1774156681.947,1.82268
1774156682.413,1.82264
1774156682.929,1.82259
1774156683.429,1.82255
1774156683.914,1.82248
1774156684.317,1.82248
1774156684.929,1.82299
1774156685.429,1.82317
1774156685.931,1.82317
1774156686.431,1.82301
1774156686.93,1.82305
1774156687.318,1.82305
1774156687.919,1.82306
1774156688.418,1.82317
1774156688.917,1.82303
1774156689.119,1.82303
1774156689.433,1.8231
1774156689.933,1.82302
1774156690.319,1.82302
1774156690.933,1.82309
1774156691.434,1.82304
1774156691.94,1.82313
1774156692.436,1.82325
1774156692.951,1.82317
1774156693.319,1.82317
1774156693.92,1.82317
1774156694.42,1.82324
1774156694.936,1.82348
1774156695.436,1.82354
1774156695.936,1.82354
1774156696.319,1.82354
1774156696.921,1.8235
1774156697.441,1.82361
1774156697.94,1.82374
1774156698.455,1.82382
1774156698.955,1.82391
1774156699.32,1.82391
1774156699.94,1.82399
1774156700.474,1.82404
1774156700.971,1.82404
1774156701.475,1.82407
1774156701.976,1.82423
1774156702.322,1.82423
1774156702.99,1.82413
1774156703.492,1.82413
1774156703.974,1.82407
1774156704.492,1.82411
1774156704.99,1.82414
1774156705.325,1.82414
1774156705.992,1.82399
1774156706.493,1.82394
1774156706.975,1.82368
1774156707.462,1.82373
1774156708.009,1.82366
1774156708.477,1.82366
1774156708.961,1.82361
1774156709.462,1.82368
1774156709.962,1.82363
1774156710.477,1.82359
1774156710.977,1.82353
1774156711.327,1.82353
1774156711.978,1.82356
1774156712.464,1.82362
1774156712.995,1.82347
1774156713.495,1.82359
1774156713.996,1.82354
1774156714.33,1.82354
1774156715.011,1.82338
1774156715.512,1.82343
1774156716.027,1.82351
1774156716.529,1.8236
1774156717.013,1.82365
1774156717.532,1.82386
1774156718.031,1.82376
1774156718.531,1.82373
1774156719.052,1.82364
1774156719.549,1.82364
1774156720.061,1.82359
1774156720.563,1.82354
1774156721.065,1.82359
1774156721.563,1.82348
1774156722.066,1.82348
1774156722.569,1.82343
1774156723.066,1.82358
1774156723.565,1.8235
1774156724.071,1.82357
1774156724.564,1.82361
1774156725.065,1.82365
1774156725.581,1.82376
1774156726.083,1.82365
1774156726.584,1.82357
1774156727.086,1.82353
1774156727.587,1.82346
1774156728.087,1.82352
1774156728.586,1.82348
1774156729.088,1.82356
1774156729.593,1.82364
1774156730.087,1.82361
1774156730.589,1.82357
1774156731.089,1.82353
1774156731.589,1.82353
1774156732.09,1.82342
1774156732.588,1.82336
1774156733.091,1.82333
1774156733.591,1.82328
1774156734.091,1.82279
1774156734.588,1.82268
1774156735.092,1.82273
1774156735.591,1.82289
1774156736.104,1.82289
1774156736.608,1.82281
1774156737.106,1.82281
1774156737.608,1.82298
1774156738.107,1.82311
1774156738.607,1.823
1774156739.108,1.8231
1774156739.607,1.82306
1774156740.108,1.82301
1774156740.61,1.82297
1774156741.11,1.82303
1774156741.613,1.82303
1774156742.111,1.82303
1774156742.614,1.82314
1774156743.115,1.82314
1774156743.614,1.82309
1774156744.113,1.82309
1774156744.613,1.82313
1774156745.114,1.82309
1774156745.614,1.82309
1774156746.116,1.82301
1774156746.614,1.82307
1774156747.116,1.823
1774156747.618,1.82304
1774156748.119,1.82309
1774156748.618,1.82303
1774156749.119,1.82308
1774156749.618,1.82301
1774156750.118,1.82301
1774156750.62,1.82313
1774156751.12,1.82345
1774156751.619,1.8234
1774156752.119,1.82344
1774156752.618,1.82388
1774156753.118,1.82393
1774156753.619,1.82401
1774156754.118,1.82404
1774156754.62,1.82416
1774156755.117,1.82416
1774156755.619,1.82408
1774156756.12,1.82402
1774156756.618,1.82398
1774156757.12,1.82406
1774156757.623,1.82401
1774156758.123,1.82408
1774156758.621,1.82413
1774156759.121,1.82408
1774156759.621,1.82408
1774156760.122,1.82408
1774156760.621,1.82408
1774156761.122,1.82401
1774156761.622,1.82407
1774156762.126,1.82403
1774156762.623,1.82415
1774156763.123,1.82415
1774156763.623,1.8242
1774156764.128,1.82426
1774156764.624,1.82412
1774156765.125,1.82417
1774156765.624,1.8241
1774156766.125,1.82404
1774156766.624,1.82399
1774156767.126,1.82404
1774156767.632,1.82397
1774156768.128,1.82392
1774156768.627,1.82386
1774156769.128,1.82407
1774156769.628,1.82419
1774156770.128,1.82426
1774156770.631,1.82435
1774156771.133,1.82421
1774156771.628,1.82416
1774156772.13,1.82419
1774156772.632,1.82426
1774156773.132,1.82426
1774156773.63,1.82417
1774156774.131,1.82414
1774156774.63,1.82418
1774156775.131,1.82398
1774156775.632,1.82403
1774156776.132,1.82399
1774156776.631,1.82407
1774156777.133,1.82395
1774156777.634,1.82407
1774156778.134,1.82401
1774156778.634,1.82407
1774156779.14,1.82407
1774156779.634,1.82412
1774156780.135,1.82412
1774156780.636,1.82417
1774156781.135,1.82414
1774156781.635,1.82425
1774156782.136,1.82431
1774156782.639,1.82427
1774156783.136,1.82437
1774156783.637,1.82444
1774156784.136,1.82453
1774156784.639,1.82448
1774156785.143,1.82453
1774156785.638,1.82453
1774156786.138,1.82449
1774156786.638,1.82452
1774156787.139,1.82446
1774156787.644,1.82412
1774156788.14,1.82407
1774156788.641,1.82437
1774156789.141,1.82445
1774156789.643,1.82452
1774156790.142,1.82457
1774156790.64,1.82465
1774156791.142,1.82474
1774156791.643,1.82474
1774156792.142,1.82481
1774156792.643,1.82476
1774156793.143,1.82483
1774156793.643,1.82483
1774156794.143,1.82491
1774156794.643,1.82482
1774156795.144,1.82491
1774156795.643,1.82487
1774156796.144,1.82494
1774156796.646,1.82489
1774156797.146,1.82494
1774156797.647,1.82487
1774156798.147,1.82483
1774156798.647,1.82495
1774156799.148,1.825
1774156799.648,1.825
1774156800.148,1.82486
1774156800.65,1.82493
1774156801.151,1.82484
1774156801.649,1.82479
1774156802.15,1.82485
1774156802.651,1.82492
1774156803.151,1.82474
1774156803.666,1.82486
1774156804.151,1.82494
1774156804.666,1.82494
1774156805.166,1.82498
1774156805.666,1.8245
1774156806.161,1.8245
1774156806.667,1.82443
1774156807.169,1.82449
1774156807.67,1.82453
1774156808.169,1.82441
1774156808.654,1.82449
1774156809.162,1.82449
1774156809.685,1.82439
1774156810.185,1.82461
1774156810.685,1.82435
1774156811.186,1.82451
1774156811.692,1.82447
1774156812.163,1.82447
1774156812.703,1.82454
1774156813.203,1.82447
1774156813.703,1.82429
1774156814.204,1.82435
1774156814.703,1.82442
1774156815.165,1.82442
1774156815.703,1.82452
1774156816.204,1.82439
1774156816.705,1.82443
1774156817.207,1.8245
1774156817.708,1.82454
1774156818.165,1.82454
1774156818.707,1.82453
1774156819.207,1.82472
1774156819.707,1.82482
1774156820.207,1.82479
1774156820.707,1.82484
1774156821.165,1.82484
1774156821.709,1.82467
1774156822.209,1.82457
1774156822.711,1.82462
1774156823.21,1.82448
1774156823.711,1.82448
1774156824.167,1.82448
1774156824.71,1.82446
1774156825.21,1.82451
1774156825.71,1.82461
1774156826.211,1.82464
1774156826.713,1.8247
1774156827.169,1.8247
1774156827.714,1.8247
1774156828.214,1.82475
1774156828.714,1.82475
1774156829.214,1.82457
1774156829.714,1.82461
1774156830.17,1.82461
1774156830.713,1.82462
1774156831.219,1.82471
1774156831.715,1.8248
1774156832.216,1.82486
1774156832.718,1.82486
1774156833.173,1.82486
1774156833.717,1.82485
1774156834.216,1.8248
1774156834.717,1.82474
1774156835.216,1.82474
1774156835.717,1.82467
1774156836.174,1.82467
1774156836.717,1.82472
1774156837.219,1.82467
1774156837.72,1.82463
1774156838.22,1.82463
1774156838.721,1.82468
1774156839.174,1.82468
1774156839.72,1.82466
1774156840.22,1.82469
1774156840.72,1.82484
1774156841.221,1.8248
1774156841.722,1.82471
1774156842.175,1.82471
1774156842.722,1.82486
1774156843.223,1.82489
1774156843.724,1.82489
1774156844.223,1.82483
1774156844.723,1.82473
1774156845.176,1.82473
1774156845.723,1.82447
1774156846.227,1.82427
1774156846.724,1.82433
1774156847.227,1.82442
1774156847.727,1.82426
1774156848.176,1.82426
1774156848.726,1.82443
1774156849.226,1.8245
1774156849.727,1.82447
1774156850.226,1.82451
1774156850.727,1.82455
1774156851.177,1.82455
1774156851.728,1.82458
1774156852.229,1.8244
1774156852.73,1.8244
1774156853.229,1.82434
1774156853.729,1.82439
1774156854.179,1.82439
1774156854.731,1.82469
1774156855.229,1.82487
1774156855.729,1.82503
1774156856.23,1.82497
1774156856.732,1.82507
1774156857.178,1.82507
1774156857.734,1.82488
1774156858.234,1.82465
1774156858.735,1.82456
1774156859.236,1.82449
1774156859.734,1.82443
1774156860.181,1.82443
1774156860.734,1.82426
1774156861.235,1.82422
1774156861.736,1.82406
1774156862.237,1.82419
1774156862.738,1.82424
1774156863.182,1.82424
1774156863.752,1.82425
1774156864.252,1.82433
1774156864.752,1.82438
1774156865.252,1.82446
1774156865.752,1.8245
1774156866.183,1.8245
1774156866.754,1.82447
1774156867.256,1.82441
1774156867.772,1.82435
1774156868.257,1.82429
1774156868.756,1.82437
1774156869.185,1.82437
1774156869.756,1.82427
1774156870.256,1.82382
1774156870.757,1.82378
1774156871.257,1.82384
1774156871.758,1.82395
1774156872.186,1.82395
1774156872.76,1.82384
1774156873.274,1.82391
1774156873.76,1.82397
1774156874.259,1.82403
1774156874.761,1.82395
1774156875.186,1.82395
1774156875.759,1.82385
1774156876.259,1.82416
1774156876.76,1.82411
1774156877.262,1.82416
1774156877.763,1.82431
1774156878.186,1.82431
1774156878.762,1.82455
1774156879.263,1.82448
1774156879.808,1.82444
1774156880.261,1.82466
1774156880.778,1.82428
1774156881.189,1.82428
1774156881.762,1.82424
1774156882.263,1.82424
1774156882.763,1.82419
1774156883.265,1.82406
1774156883.764,1.82413
1774156884.189,1.82413
1774156884.765,1.82407
1774156885.263,1.82398
1774156885.765,1.82393
1774156886.264,1.82397
1774156886.765,1.82404
1774156887.19,1.82404
1774156887.768,1.8243
1774156888.269,1.82425
1774156888.767,1.82432
1774156889.267,1.82427
1774156889.767,1.82433
1774156890.191,1.82433
1774156890.768,1.82429
1774156891.269,1.82437
1774156891.769,1.82451
1774156892.277,1.82447
1774156892.771,1.8246
1774156893.193,1.8246
1774156893.771,1.82451
1774156894.27,1.82456
1774156894.774,1.82449
1774156895.273,1.82471
1774156895.77,1.82478
1774156896.196,1.82478
1774156896.774,1.82478
1774156897.276,1.8247
1774156897.778,1.8247
1774156898.278,1.82456
1774156898.778,1.82456
1774156899.197,1.82456
1774156899.778,1.82449
1774156900.274,1.82454
1774156900.777,1.82448
1774156901.0,1.82448
1774156901.278,1.82445
1774156901.778,1.8244
1774156902.2,1.8244
1774156902.786,1.82428
1774156903.277,1.82428
1774156903.779,1.82423
1774156904.0,1.82423
1774156904.293,1.82417
1774156904.793,1.82417
1774156905.202,1.82417
1774156905.792,1.82412
1774156906.294,1.82392
1774156906.793,1.82392
1774156907.003,1.82392
1774156907.296,1.82399
1774156907.799,1.82407
1774156908.204,1.82407
1774156908.796,1.82398
1774156909.297,1.82406
1774156909.796,1.82398
1774156910.004,1.82398
1774156910.296,1.82404
1774156910.796,1.82408
1774156911.204,1.82408
1774156911.8,1.82388
1774156912.298,1.82399
1774156912.798,1.82417
1774156913.005,1.82417
1774156913.298,1.82411
1774156913.798,1.82416
1774156914.206,1.82416
1774156914.799,1.82421
1774156915.299,1.82415
1774156915.798,1.82423
1774156916.007,1.82423
1774156916.299,1.82413
1774156916.8,1.82421
1774156917.206,1.82421
1774156917.803,1.82413
1774156918.304,1.82409
1774156918.804,1.8242
1774156919.008,1.8242
1774156919.303,1.82417
1774156919.803,1.82424
1774156920.208,1.82424
1774156920.803,1.82436
1774156921.303,1.82415
1774156921.806,1.82423
1774156922.009,1.82423
1774156922.305,1.82417
1774156922.806,1.82421
1774156923.21,1.82421
1774156923.806,1.82412
1774156924.306,1.82417
1774156924.806,1.82406
1774156925.01,1.82406
1774156925.309,1.82401
1774156925.807,1.82388
1774156926.21,1.82388
1774156926.808,1.82377
1774156927.309,1.82387
1774156927.81,1.82387
1774156928.31,1.82397
1774156928.81,1.82411
1774156929.209,1.82411
1774156929.81,1.82447
1774156930.311,1.82443
1774156930.81,1.82437
1774156931.011,1.82437
1774156931.312,1.82442
1774156931.812,1.82449
1774156932.212,1.82449
1774156932.814,1.82466
1774156933.313,1.82475
1774156933.801,1.8248
1774156934.012,1.8248
1774156934.315,1.82488
1774156934.813,1.82476
1774156935.212,1.82476
1774156935.814,1.82477
1774156936.316,1.82498
1774156936.814,1.82503
1774156937.322,1.82489
1774156937.822,1.8248
1774156938.212,1.8248
1774156938.817,1.82483
1774156939.318,1.82483
1774156939.849,1.82468
1774156940.317,1.82456
1774156940.817,1.82456
1774156941.214,1.82456
1774156941.824,1.82456
1774156942.32,1.82452
1774156942.808,1.82452
1774156943.019,1.82452
1774156943.315,1.82457
1774156943.82,1.82453
1774156944.219,1.82453
1774156944.82,1.82464
1774156945.335,1.82464
1774156945.82,1.82455
1774156946.336,1.82505
1774156946.836,1.82521
1774156947.219,1.82521
1774156947.84,1.82521
1774156948.339,1.82526
1774156948.839,1.82521
1774156949.34,1.82515
1774156949.839,1.82515
1774156950.221,1.82515
1774156950.839,1.82497
1774156951.341,1.82492
1774156951.842,1.82496
1774156952.341,1.82491
1774156952.842,1.82495
1774156953.221,1.82495
1774156953.827,1.8251
1774156954.343,1.82517
1774156954.843,1.82521
1774156955.341,1.82525
1774156955.841,1.8253
1774156956.223,1.8253
1774156956.842,1.82537
1774156957.346,1.82533
1774156957.845,1.82529
1774156958.345,1.82521
1774156958.846,1.82541
1774156959.224,1.82541
1774156959.846,1.82542
1774156960.345,1.82538
1774156960.85,1.82543
1774156961.351,1.82547
1774156961.846,1.82541
1774156962.226,1.82541
1774156962.849,1.82525
1774156963.348,1.82531
1774156963.835,1.82525
1774156964.348,1.82533
1774156964.848,1.82537
1774156965.228,1.82537
1774156965.848,1.82528
1774156966.348,1.82532
1774156966.849,1.82524
1774156967.353,1.82514
1774156967.853,1.82522
1774156968.231,1.82522
1774156968.852,1.82531
1774156969.352,1.82572
1774156969.855,1.82529
1774156970.353,1.82534
1774156970.855,1.82525
1774156971.231,1.82525
1774156971.855,1.82534
1774156972.356,1.82538
1774156972.856,1.82544
1774156973.356,1.8254
1774156973.843,1.82527
1774156974.233,1.82527
1774156974.856,1.82532
1774156975.356,1.82536
1774156975.856,1.82543
1774156976.356,1.82554
1774156976.857,1.82541
1774156977.233,1.82541
1774156977.86,1.82551
1774156978.361,1.82542
1774156978.862,1.82542
1774156979.361,1.82537
1774156979.86,1.8254
1774156980.234,1.8254
1774156980.861,1.82547
1774156981.362,1.82541
1774156981.866,1.82537
1774156982.367,1.82529
1774156982.867,1.8254
1774156983.235,1.8254
1774156983.851,1.82532
1774156984.364,1.82528
1774156984.863,1.82524
1774156985.363,1.82532
1774156985.864,1.82528
1774156986.236,1.82528
1774156986.895,1.82535
1774156987.368,1.82532
1774156987.868,1.82537
1774156988.367,1.82534
1774156988.868,1.82538
1774156989.237,1.82538
1774156989.868,1.82551
1774156990.384,1.82556
1774156990.869,1.82568
1774156991.369,1.82557
1774156991.87,1.82557
1774156992.237,1.82557
1774156992.871,1.82552
1774156993.371,1.82549
1774156993.872,1.82558
1774156994.378,1.82566
1774156994.87,1.82571
1774156995.241,1.82571
1774156995.872,1.82543
1774156996.374,1.82537
1774156996.871,1.82542
1774156997.375,1.82545
1774156997.874,1.82539
1774156998.241,1.82539
1774156998.874,1.82527
1774156999.375,1.82518
1774156999.874,1.82509
1774157000.39,1.82514
1774157000.905,1.82503
1774157001.242,1.82503
1774157001.891,1.82494
1774157002.392,1.82488
1774157002.894,1.82478
1774157003.392,1.82503
1774157003.877,1.82499
1774157004.244,1.82499
1774157004.893,1.82493
1774157005.392,1.82493
1774157005.894,1.82484
1774157006.408,1.82494
1774157006.909,1.82489
1774157007.245,1.82489
1774157007.912,1.82504
1774157008.412,1.82512
1774157008.928,1.82487
1774157009.444,1.8248
1774157009.943,1.82474
1774157010.246,1.82474
1774157010.459,1.82467
1774157010.959,1.82472
1774157011.447,1.82472
1774157011.96,1.82476
1774157012.466,1.82485
1774157012.977,1.82489
1774157013.248,1.82489
1774157013.478,1.82482
1774157013.977,1.82486
1774157014.448,1.82486
1774157015.009,1.82486
1774157015.509,1.82491
1774157016.024,1.82479
1774157016.508,1.82473
1774157017.012,1.82473
1774157017.513,1.8248
1774157018.012,1.82475
1774157018.528,1.82456
1774157019.044,1.82451
1774157019.544,1.82446
1774157020.059,1.82453
1774157020.56,1.82458
1774157021.052,1.82458
1774157021.559,1.82469
1774157022.066,1.82475
1774157022.562,1.82486
1774157023.078,1.82486
1774157023.595,1.82481
1774157024.054,1.82481
1774157024.594,1.82493
1774157025.093,1.82468
1774157025.597,1.82449
1774157026.094,1.82442
1774157026.594,1.82438
1774157027.054,1.82438
1774157027.614,1.82478
1774157028.097,1.82472
1774157028.613,1.82472
1774157029.113,1.82467
1774157029.613,1.82479
1774157030.055,1.82479
1774157030.613,1.82492
1774157031.113,1.82499
1774157031.613,1.82493
1774157032.114,1.82487
1774157032.617,1.82482
1774157033.055,1.82482
1774157033.616,1.82472
1774157034.116,1.82475
1774157034.623,1.8247
1774157035.116,1.8248
1774157035.616,1.82483
1774157036.057,1.82483
1774157036.616,1.82489
1774157037.119,1.82494
1774157037.62,1.82489
1774157038.121,1.82496
1774157038.653,1.82514
1774157039.058,1.82514
1774157039.652,1.82531
1774157040.157,1.82536
1774157040.668,1.82541
1774157041.669,1.82542
1774157042.058,1.82542
1774157042.671,1.82523
1774157043.124,1.82519
1774157043.624,1.82514
1774157044.126,1.8252
1774157044.623,1.8252
1774157045.06,1.8252
1774157045.624,1.82514
1774157046.124,1.82509
1774157046.624,1.82514
1774157047.126,1.82518
1774157047.612,1.82523
1774157048.062,1.82523
1774157048.613,1.82524
1774157049.112,1.82519
1774157049.612,1.82524
1774157050.112,1.8253
1774157050.628,1.82525
1774157051.063,1.82525
1774157051.614,1.82534
1774157052.114,1.82545
1774157052.615,1.82541
1774157053.116,1.82536
1774157053.616,1.82554
1774157054.63,1.82596
1774157055.145,1.826
1774157055.631,1.82577
1774157056.146,1.82585
1774157056.637,1.82591
1774157057.065,1.82591
1774157057.649,1.82595
1774157058.149,1.82582
1774157058.649,1.82578
1774157059.15,1.82571
1774157059.666,1.8259
1774157060.066,1.8259
1774157060.666,1.82591
1774157061.164,1.82599
1774157061.667,1.82631
1774157062.181,1.82631
1774157062.683,1.82607
1774157063.066,1.82607
1774157063.682,1.82619
1774157064.199,1.82627
1774157064.714,1.82627
1774157065.214,1.82621
1774157065.714,1.82617
1774157066.066,1.82617
1774157066.73,1.82613
1774157067.233,1.82617
1774157067.733,1.82623
1774157068.234,1.82627
1774157068.734,1.82651
1774157069.066,1.82651
1774157069.734,1.82654
1774157070.233,1.82664
1774157070.734,1.82648
1774157071.234,1.82654
1774157071.721,1.82648
1774157072.067,1.82648
1774157072.72,1.82646
1774157073.224,1.82651
1774157073.721,1.82651
1774157074.222,1.82641
1774157074.72,1.82649
1774157075.066,1.82649
1774157075.72,1.82646
1774157076.221,1.82636
1774157076.723,1.82631
1774157077.222,1.82637
1774157077.724,1.82637
1774157078.067,1.82637
1774157078.741,1.82629
1774157079.24,1.82625
1774157079.74,1.82632
1774157080.239,1.82628
1774157080.74,1.82636
1774157081.069,1.82636
1774157081.756,1.82627
1774157082.269,1.82627
1774157082.758,1.82594
1774157083.259,1.826
1774157083.759,1.82596
1774157084.069,1.82596
1774157084.273,1.82563
1774157084.774,1.82567
1774157085.269,1.82567
1774157085.791,1.82559
1774157086.29,1.82554
1774157086.79,1.82549
1774157087.07,1.82549
1774157087.276,1.82554
1774157087.778,1.82563
1774157088.27,1.82563
1774157088.793,1.82567
1774157089.293,1.82567
1774157089.794,1.8257
1774157090.07,1.8257
1774157090.294,1.82565
1774157090.793,1.8256
1774157091.271,1.8256
1774157091.794,1.82551
1774157092.326,1.82543
1774157092.812,1.82537
1774157093.07,1.82537
1774157093.313,1.82532
1774157093.798,1.82525
1774157094.271,1.82525
1774157094.812,1.8252
1774157095.327,1.82515
1774157095.828,1.82509
1774157096.072,1.82509
1774157096.329,1.82509
1774157096.829,1.82543
1774157097.273,1.82543
1774157097.834,1.82551
1774157098.333,1.82541
1774157098.833,1.82521
1774157099.073,1.82521
1774157099.333,1.82521
1774157099.832,1.82514
1774157100.273,1.82514
1774157100.832,1.82523
1774157101.333,1.82527
1774157101.836,1.82523
1774157102.073,1.82523
1774157102.334,1.82517
1774157102.836,1.82522
1774157103.274,1.82522
1774157103.836,1.82574
1774157104.335,1.82577
1774157104.835,1.82577
1774157105.074,1.82577
1774157105.336,1.82572
1774157105.835,1.82575
1774157106.273,1.82575
1774157106.852,1.82575
1774157107.34,1.82588
1774157107.839,1.82593
1774157108.073,1.82593
1774157108.34,1.82583
1774157108.839,1.8259
1774157109.274,1.8259
1774157109.84,1.82599
1774157110.34,1.82594
1774157110.84,1.8259
1774157111.075,1.8259
1774157111.34,1.82597
1774157111.841,1.82593
1774157112.275,1.82593
1774157112.842,1.8261
1774157113.343,1.82599
1774157113.827,1.82609
1774157114.077,1.82609
1774157114.342,1.82614
1774157114.827,1.82611
1774157115.277,1.82611
1774157115.842,1.826
1774157116.344,1.826
1774157116.843,1.82612
1774157117.076,1.82612
1774157117.344,1.82617
1774157117.846,1.82621
1774157118.277,1.82621
1774157118.847,1.82621
1774157119.347,1.82621
1774157119.846,1.82625
1774157120.077,1.82625
1774157120.345,1.82618
1774157120.861,1.82622
1774157121.278,1.82622
1774157121.863,1.82607
1774157122.395,1.82603
1774157122.864,1.82595
1774157123.079,1.82595
1774157123.364,1.82589
1774157123.848,1.82602
1774157124.279,1.82602
1774157124.864,1.82613
1774157125.365,1.82618
1774157125.879,1.82614
1774157126.081,1.82614
1774157126.382,1.82606
1774157126.881,1.82595
1774157127.282,1.82595
1774157127.883,1.82615
1774157128.384,1.82609
1774157128.883,1.82594
1774157129.383,1.8259
1774157129.883,1.82597
1774157130.284,1.82597
1774157130.883,1.82603
1774157131.384,1.82587
1774157131.87,1.82576
1774157132.084,1.82576
1774157132.402,1.82581
1774157132.907,1.82572
1774157133.285,1.82572
1774157133.902,1.82583
1774157134.418,1.82575
1774157134.902,1.82585
1774157135.417,1.82575
1774157135.918,1.8257
1774157136.288,1.8257
1774157136.935,1.82572
1774157137.438,1.82577
1774157137.923,1.82589
1774157138.437,1.82571
1774157139.973,1.8258
1774157140.468,1.82562
1774157140.968,1.82557
1774157141.457,1.8255
1774157141.968,1.82556
1774157142.292,1.82556
1774157142.957,1.82542
1774157143.486,1.82548
1774157143.985,1.82577
1774157144.485,1.82581
1774157144.986,1.82567
1774157145.294,1.82567
1774157145.985,1.82568
1774157146.485,1.82574
1774157146.986,1.82582
1774157147.49,1.82576
1774157147.989,1.82585
1774157148.296,1.82585
1774157148.99,1.82594
1774157149.496,1.82594
1774157150.02,1.82594
1774157150.52,1.82606
1774157151.022,1.82601
1774157151.538,1.82589
1774157152.022,1.82589
1774157152.524,1.82589
1774157153.038,1.82579
1774157153.524,1.82599
1774157154.038,1.82605
1774157154.539,1.82624
1774157155.054,1.82629
1774157155.555,1.82634
1774157156.055,1.82641
1774157156.539,1.82646
1774157157.06,1.82639
1774157157.543,1.82629
1774157158.059,1.82634
1774157158.559,1.82637
1774157159.044,1.82633
1774157159.559,1.82643
1774157160.059,1.82651
1774157160.559,1.82643
1774157161.059,1.82656
1774157161.56,1.82646
1774157162.065,1.82646
1774157162.562,1.82638
1774157163.062,1.82646
1774157163.563,1.82651
1774157164.078,1.82651
1774157164.579,1.82658
1774157165.094,1.82646
1774157165.609,1.82638
1774157166.11,1.82642
1774157166.594,1.82638
1774157167.112,1.82643
1774157167.597,1.82654
1774157168.099,1.82654
1774157168.631,1.8264
1774157169.144,1.82636
1774157169.645,1.8265
1774157170.144,1.8265
1774157170.645,1.82621
1774157171.1,1.82621
1774157171.645,1.82622
1774157172.146,1.82622
1774157172.632,1.82626
1774157173.163,1.82619
1774157173.68,1.82622
1774157174.102,1.82622
1774157174.678,1.82631
1774157175.178,1.82619
1774157175.663,1.82627
1774157176.178,1.82611
1774157176.679,1.82611
1774157177.103,1.82611
1774157177.666,1.82616
1774157178.182,1.82609
1774157178.682,1.82626
1774157179.199,1.82626
1774157179.713,1.82609
1774157180.105,1.82609
1774157180.729,1.82608
1774157181.213,1.82593
1774157181.714,1.82593
1774157182.229,1.82589
1774157182.715,1.82582
1774157183.104,1.82582
1774157183.717,1.8261
1774157184.232,1.82625
1774157184.731,1.8262
1774157185.233,1.82631
1774157185.765,1.8264
1774157186.104,1.8264
1774157186.748,1.82642
1774157187.25,1.82642
1774157187.768,1.82634
1774157188.267,1.82641
1774157188.767,1.82647
1774157189.104,1.82647
1774157189.751,1.82648
1774157190.251,1.82659
1774157190.751,1.82669
1774157191.251,1.82656
1774157191.753,1.82664
1774157192.106,1.82664
1774157192.755,1.82653
1774157193.255,1.82672
1774157193.755,1.82667
1774157194.254,1.82674
1774157194.769,1.82699
1774157195.11,1.82699
1774157195.77,1.82705
1774157196.269,1.82717
1774157196.786,1.82712
1774157197.272,1.82706
1774157197.788,1.8271
1774157198.111,1.8271
1774157198.773,1.82716
1774157199.304,1.82716
1774157199.804,1.82713
1774157200.304,1.82701
1774157200.821,1.82701
1774157201.112,1.82701
1774157201.32,1.82696
1774157201.821,1.82696
1774157202.311,1.82696
1774157202.822,1.82684
1774157203.322,1.82703
1774157203.822,1.82708
1774157204.112,1.82708
1774157204.322,1.82712
1774157204.823,1.82722
1774157205.314,1.82722
1774157205.822,1.82709
1774157206.322,1.82706
1774157206.823,1.82701
1774157207.114,1.82701
1774157207.324,1.82706
1774157207.81,1.82715
1774157208.31,1.82719
1774157208.81,1.82714
1774157209.31,1.82719
1774157209.812,1.82715
1774157210.114,1.82715
1774157210.814,1.82707
1774157211.311,1.82725
1774157211.813,1.82709
1774157212.311,1.82704
1774157212.813,1.8271
1774157213.117,1.8271
1774157213.815,1.82717
1774157214.313,1.82722
1774157214.813,1.82709
1774157215.313,1.827
1774157215.813,1.82688
1774157216.118,1.82688
1774157216.813,1.82697
1774157217.317,1.82691
1774157217.818,1.82685
1774157218.319,1.82677
1774157218.819,1.82662
1774157219.119,1.82662
1774157219.818,1.82668
1774157220.318,1.82675
1774157220.818,1.82681
1774157221.319,1.82698
1774157221.821,1.8269
1774157222.119,1.8269
1774157222.32,1.82694
1774157222.84,1.82698
1774157223.318,1.82698
1774157223.868,1.82709
1774157224.352,1.82714
1774157224.852,1.82714
1774157225.119,1.82714
1774157225.352,1.82724
1774157225.868,1.82728
1774157226.319,1.82728
1774157226.854,1.8272
1774157227.355,1.82716
1774157227.871,1.82705
1774157228.119,1.82705
1774157228.372,1.82745
1774157228.887,1.82745
1774157229.319,1.82745
1774157229.903,1.82732
1774157230.404,1.82739
1774157230.904,1.82748
1774157231.12,1.82748
1774157231.404,1.82753
1774157231.905,1.8276
1774157232.321,1.8276
1774157232.922,1.82731
1774157233.422,1.82718
1774157233.924,1.82729
1774157234.423,1.82736
1774157234.922,1.82731
1774157235.323,1.82731
1774157235.953,1.82713
1774157236.422,1.8272
1774157236.923,1.82709
1774157237.124,1.82709
1774157237.424,1.82704
1774157237.926,1.82704
1774157238.324,1.82704
1774157238.927,1.8272
1774157239.426,1.82725
1774157239.926,1.82725
1774157240.426,1.82717
1774157240.926,1.82713
1774157241.325,1.82713
1774157241.926,1.82717
1774157242.427,1.82708
1774157242.928,1.82713
1774157243.445,1.82713
1774157243.928,1.82728
1774157244.326,1.82728
1774157244.945,1.82768
1774157245.444,1.82776
1774157245.944,1.82783
1774157246.444,1.82783
1774157246.951,1.82771
1774157247.328,1.82771
