# Asset: AUDCAD_otc
# Updated: 2026-03-22T00:16:23.158175
# Format: timestamp,price
1774155780.0,0.86148
1774155780.0,0.86153
1774155780.0,0.8615
1774155780.0,0.86147
1774155780.0,0.86142
1774155780.0,0.86142
1774155780.0,0.8615
1774155780.0,0.86153
1774155780.0,0.8615
1774155780.0,0.8615
1774155780.0,0.86147
1774155780.0,0.86142
1774155780.0,0.86138
1774155780.0,0.86133
1774155780.0,0.86136
1774155780.0,0.86132
1774155780.0,0.86142
1774155780.0,0.86139
1774155780.0,0.86139
1774155780.0,0.86136
1774155780.0,0.86133
1774155780.0,0.86137
1774155780.0,0.86133
1774155780.0,0.8613
1774155780.0,0.8613
1774155780.0,0.8613
1774155780.0,0.86139
1774155780.0,0.86139
1774155780.0,0.86125
1774155780.0,0.86128
1774155780.0,0.86128
1774155780.0,0.86124
1774155780.0,0.86124
1774155780.0,0.86132
1774155780.0,0.86135
1774155780.0,0.86138
1774155780.0,0.86138
1774155780.0,0.86142
1774155780.0,0.86142
1774155780.0,0.86142
1774155780.0,0.86125
1774155780.0,0.86138
1774155780.0,0.86142
1774155780.0,0.86142
1774155780.0,0.86157
1774155780.0,0.86159
1774155780.0,0.86159
1774155780.0,0.86163
1774155780.0,0.86169
1774155780.0,0.86179
1774155780.0,0.86179
1774155780.0,0.86184
1774155780.0,0.86188
1774155780.0,0.86188
1774155780.0,0.86193
1774155780.0,0.86185
1774155780.0,0.86189
1774155780.0,0.86189
1774155780.0,0.86186
1774155780.0,0.86182
1774155780.0,0.86182
1774155780.0,0.86179
1774155780.0,0.86186
1774155780.0,0.86188
1774155780.0,0.86188
1774155780.0,0.86185
1774155780.0,0.86181
1774155780.0,0.86181
1774155780.0,0.86167
1774155840.0,0.86172
1774155840.0,0.86172
1774155840.0,0.86172
1774155840.0,0.86175
1774155840.0,0.86171
1774155840.0,0.86171
1774155840.0,0.86167
1774155840.0,0.86165
1774155840.0,0.86159
1774155840.0,0.86159
1774155840.0,0.86154
1774155840.0,0.86152
1774155840.0,0.86152
1774155840.0,0.86166
1774155840.0,0.86163
1774155840.0,0.8616
1774155840.0,0.8616
1774155840.0,0.86171
1774155840.0,0.86174
1774155840.0,0.86174
1774155840.0,0.86173
1774155840.0,0.86176
1774155840.0,0.86179
1774155840.0,0.86179
1774155840.0,0.86176
1774155840.0,0.8618
1774155840.0,0.8618
1774155840.0,0.86189
1774155840.0,0.86185
1774155840.0,0.86182
1774155840.0,0.86182
1774155840.0,0.86184
1774155840.0,0.86178
1774155840.0,0.86178
1774155840.0,0.86179
1774155840.0,0.86189
1774155840.0,0.86185
1774155840.0,0.86185
1774155840.0,0.86197
1774155840.0,0.86199
1774155840.0,0.86199
1774155840.0,0.86209
1774155840.0,0.86212
1774155840.0,0.86215
1774155840.0,0.86215
1774155840.0,0.86218
1774155840.0,0.86187
1774155840.0,0.86187
1774155840.0,0.86182
1774155840.0,0.86175
1774155840.0,0.86173
1774155840.0,0.86173
1774155840.0,0.86176
1774155840.0,0.86182
1774155840.0,0.86182
1774155840.0,0.86185
1774155840.0,0.86181
1774155840.0,0.86176
1774155840.0,0.86176
1774155840.0,0.86178
1774155840.0,0.86172
1774155840.0,0.86172
1774155840.0,0.86194
1774155840.0,0.86196
1774155840.0,0.8618
1774155840.0,0.8618
1774155840.0,0.8618
1774155840.0,0.8618
1774155840.0,0.8618
1774155840.0,0.86182
1774155840.0,0.86175
1774155840.0,0.86179
1774155840.0,0.86179
1774155840.0,0.86173
1774155840.0,0.86175
1774155840.0,0.86175
1774155840.0,0.86163
1774155840.0,0.86159
1774155840.0,0.86164
1774155840.0,0.86164
1774155840.0,0.86157
1774155840.0,0.86161
1774155840.0,0.86161
1774155840.0,0.86161
1774155840.0,0.86158
1774155840.0,0.86152
1774155840.0,0.86152
1774155840.0,0.86149
1774155840.0,0.86153
1774155840.0,0.86153
1774155840.0,0.86155
1774155840.0,0.86155
1774155840.0,0.86153
1774155840.0,0.86153
1774155840.0,0.86159
1774155840.0,0.86157
1774155840.0,0.86157
1774155840.0,0.86154
1774155840.0,0.8615
1774155840.0,0.86153
1774155840.0,0.86153
1774155840.0,0.86156
1774155840.0,0.86159
1774155840.0,0.86159
1774155840.0,0.86155
1774155840.0,0.86151
1774155840.0,0.86147
1774155840.0,0.86147
1774155840.0,0.86162
1774155840.0,0.86168
1774155840.0,0.86168
1774155840.0,0.86165
1774155840.0,0.86162
1774155840.0,0.86168
1774155840.0,0.86168
1774155840.0,0.86168
1774155840.0,0.86165
1774155840.0,0.86165
1774155840.0,0.86174
1774155840.0,0.86171
1774155840.0,0.86169
1774155840.0,0.86169
1774155840.0,0.86174
1774155840.0,0.86177
1774155840.0,0.86177
1774155840.0,0.86198
1774155840.0,0.86202
1774155840.0,0.86204
1774155840.0,0.86204
1774155840.0,0.86209
1774155840.0,0.86206
1774155840.0,0.86206
1774155840.0,0.86196
1774155840.0,0.86196
1774155840.0,0.86191
1774155840.0,0.86191
1774155840.0,0.86188
1774155840.0,0.862
1774155840.0,0.862
1774155840.0,0.86196
1774155900.0,0.86196
1774155900.0,0.86198
1774155900.0,0.86198
1774155900.0,0.86193
1774155900.0,0.86188
1774155900.0,0.86188
1774155900.0,0.86212
1774155900.0,0.86229
1774155900.0,0.86232
1774155900.0,0.86232
1774155900.0,0.86229
1774155900.0,0.86225
1774155900.0,0.86225
1774155900.0,0.86223
1774155900.0,0.86223
1774155900.0,0.86229
1774155900.0,0.86229
1774155900.0,0.86233
1774155900.0,0.86246
1774155900.0,0.86246
1774155900.0,0.86239
1774155900.0,0.86234
1774155900.0,0.86237
1774155900.0,0.86242
1774155900.0,0.86247
1774155900.0,0.86247
1774155900.0,0.86263
1774155900.0,0.86259
1774155900.0,0.86252
1774155900.0,0.86258
1774155900.0,0.86252
1774155900.0,0.86252
1774155900.0,0.86219
1774155900.0,0.86222
1774155900.0,0.86206
1774155900.0,0.86211
1774155900.0,0.86206
1774155900.0,0.86206
1774155900.0,0.86206
1774155900.0,0.86204
1774155900.0,0.86201
1774155900.0,0.86226
1774155900.0,0.86221
1774155900.0,0.86221
1774155900.0,0.86228
1774155900.0,0.86232
1774155900.0,0.86227
1774155900.0,0.86231
1774155900.0,0.86235
1774155900.0,0.86235
1774155900.0,0.86241
1774155900.0,0.86237
1774155900.0,0.86243
1774155900.0,0.86251
1774155900.0,0.86257
1774155900.0,0.86257
1774155900.0,0.86264
1774155900.0,0.86261
1774155900.0,0.86271
1774155900.0,0.86267
1774155900.0,0.86267
1774155900.0,0.86267
1774155900.0,0.86277
1774155900.0,0.86282
1774155900.0,0.86308
1774155900.0,0.86303
1774155900.0,0.86307
1774155900.0,0.86307
1774155900.0,0.86316
1774155900.0,0.8631
1774155900.0,0.86313
1774155900.0,0.86309
1774155900.0,0.86311
1774155900.0,0.86311
1774155900.0,0.86312
1774155900.0,0.8632
1774155900.0,0.86314
1774155900.0,0.8632
1774155900.0,0.8632
1774155900.0,0.8632
1774155900.0,0.86322
1774155900.0,0.86309
1774155900.0,0.86309
1774155900.0,0.86319
1774155900.0,0.86329
1774155900.0,0.86329
1774155900.0,0.86328
1774155900.0,0.86331
1774155900.0,0.86329
1774155900.0,0.86342
1774155900.0,0.86347
1774155900.0,0.86347
1774155900.0,0.86353
1774155900.0,0.86362
1774155900.0,0.86375
1774155900.0,0.86362
1774155900.0,0.86368
1774155900.0,0.86368
1774155900.0,0.86359
1774155900.0,0.86356
1774155900.0,0.86356
1774155900.0,0.86356
1774155900.0,0.86333
1774155900.0,0.86329
1774155900.0,0.86329
1774155900.0,0.86334
1774155900.0,0.86344
1774155900.0,0.86344
1774155900.0,0.86367
1774155900.0,0.86369
1774155900.0,0.86378
1774155900.0,0.86378
1774155900.0,0.86382
1774155900.0,0.86385
1774155900.0,0.86379
1774155900.0,0.86383
1774155900.0,0.86383
1774155900.0,0.86379
1774155900.0,0.86379
1774155900.0,0.86381
1774155900.0,0.86378
1774155900.0,0.86378
1774155900.0,0.8639
1774155900.0,0.86362
1774155900.0,0.86359
1774155900.0,0.86359
1774155900.0,0.86363
1774155900.0,0.86366
1774155960.0,0.86366
1774155960.0,0.86358
1774155960.0,0.86356
1774155960.0,0.8636
1774155960.0,0.8636
1774155960.0,0.86365
1774155960.0,0.86372
1774155960.0,0.86372
1774155960.0,0.86369
1774155960.0,0.86374
1774155960.0,0.86377
1774155960.0,0.86377
1774155960.0,0.86372
1774155960.0,0.86367
1774155960.0,0.86367
1774155960.0,0.86366
1774155960.0,0.86357
1774155960.0,0.86354
1774155960.0,0.86354
1774155960.0,0.86357
1774155960.0,0.86362
1774155960.0,0.86362
1774155960.0,0.86376
1774155960.0,0.86378
1774155960.0,0.8638
1774155960.0,0.86377
1774155960.0,0.86374
1774155960.0,0.86374
1774155960.0,0.86376
1774155960.0,0.86367
1774155960.0,0.86371
1774155960.0,0.86371
1774155960.0,0.86367
1774155960.0,0.86364
1774155960.0,0.86366
1774155960.0,0.86372
1774155960.0,0.8637
1774155960.0,0.86366
1774155960.0,0.8637
1774155960.0,0.86373
1774155960.0,0.86376
1774155960.0,0.86386
1774155960.0,0.86382
1774155960.0,0.8639
1774155960.0,0.86387
1774155960.0,0.86392
1774155960.0,0.86385
1774155960.0,0.86374
1774155960.0,0.86377
1774155960.0,0.86375
1774155960.0,0.86371
1774155960.0,0.86367
1774155960.0,0.86361
1774155960.0,0.86357
1774155960.0,0.86349
1774155960.0,0.86355
1774155960.0,0.86351
1774155960.0,0.86348
1774155960.0,0.86346
1774155960.0,0.86338
1774155960.0,0.86344
1774155960.0,0.86347
1774155960.0,0.86347
1774155960.0,0.86356
1774155960.0,0.86353
1774155960.0,0.86381
1774155960.0,0.86386
1774155960.0,0.86384
1774155960.0,0.86391
1774155960.0,0.86387
1774155960.0,0.86382
1774155960.0,0.86393
1774155960.0,0.86393
1774155960.0,0.86396
1774155960.0,0.86399
1774155960.0,0.86399
1774155960.0,0.86399
1774155960.0,0.86397
1774155960.0,0.86378
1774155960.0,0.86382
1774155960.0,0.86385
1774155960.0,0.86364
1774155960.0,0.86358
1774155960.0,0.86361
1774155960.0,0.86359
1774155960.0,0.86362
1774155960.0,0.86357
1774155960.0,0.86361
1774155960.0,0.86364
1774155960.0,0.86367
1774155960.0,0.8637
1774155960.0,0.86367
1774155960.0,0.86369
1774155960.0,0.86366
1774155960.0,0.86369
1774155960.0,0.8636
1774155960.0,0.86357
1774155960.0,0.86359
1774155960.0,0.86362
1774155960.0,0.86365
1774155960.0,0.86369
1774155960.0,0.8638
1774155960.0,0.86376
1774155960.0,0.86379
1774155960.0,0.86381
1774155960.0,0.86377
1774155960.0,0.86381
1774155960.0,0.86375
1774155960.0,0.86395
1774155960.0,0.86399
1774155960.0,0.86396
1774155960.0,0.86396
1774155960.0,0.86401
1774155960.0,0.86407
1774155960.0,0.8641
1774155960.0,0.86407
1774155960.0,0.86411
1774155960.0,0.86407
1774155960.0,0.86403
1774155960.0,0.86403
1774155960.0,0.86403
1774155960.0,0.86408
1774155960.0,0.86402
1774156020.0,0.86402
1774156020.0,0.86399
1774156020.0,0.86402
1774156020.0,0.86397
1774156020.0,0.8639
1774156020.0,0.86373
1774156020.0,0.86373
1774156020.0,0.86373
1774156020.0,0.86373
1774156020.0,0.86375
1774156020.0,0.86375
1774156020.0,0.86378
1774156020.0,0.8638
1774156020.0,0.86383
1774156020.0,0.86383
1774156020.0,0.86385
1774156020.0,0.86395
1774156020.0,0.86392
1774156020.0,0.86387
1774156020.0,0.86389
1774156020.0,0.86389
1774156020.0,0.8639
1774156020.0,0.86394
1774156020.0,0.86397
1774156020.0,0.86391
1774156020.0,0.86388
1774156020.0,0.86388
1774156020.0,0.86394
1774156020.0,0.86397
1774156020.0,0.86382
1774156020.0,0.8639
1774156020.0,0.86388
1774156020.0,0.86388
1774156020.0,0.864
1774156020.0,0.86405
1774156020.0,0.86402
1774156020.0,0.86402
1774156020.0,0.86402
1774156020.0,0.86402
1774156020.0,0.86408
1774156020.0,0.86404
1774156020.0,0.86404
1774156020.0,0.86402
1774156020.0,0.864
1774156020.0,0.864
1774156020.0,0.86404
1774156020.0,0.86399
1774156020.0,0.8637
1774156020.0,0.86366
1774156020.0,0.86363
1774156020.0,0.86363
1774156020.0,0.86356
1774156020.0,0.86359
1774156020.0,0.86362
1774156020.0,0.86354
1774156020.0,0.86351
1774156020.0,0.86351
1774156020.0,0.8636
1774156020.0,0.8636
1774156020.0,0.86368
1774156020.0,0.86375
1774156020.0,0.8637
1774156020.0,0.8637
1774156020.0,0.86362
1774156020.0,0.86358
1774156020.0,0.86365
1774156020.0,0.86363
1774156020.0,0.86366
1774156020.0,0.86366
1774156020.0,0.86366
1774156020.0,0.86351
1774156020.0,0.86358
1774156020.0,0.86355
1774156020.0,0.86359
1774156020.0,0.86359
1774156020.0,0.86352
1774156020.0,0.86355
1774156020.0,0.86358
1774156020.0,0.8635
1774156020.0,0.86343
1774156020.0,0.86343
1774156020.0,0.86348
1774156020.0,0.86367
1774156020.0,0.86371
1774156020.0,0.86368
1774156020.0,0.86371
1774156020.0,0.86371
1774156020.0,0.86372
1774156020.0,0.86382
1774156020.0,0.86379
1774156020.0,0.86373
1774156020.0,0.8637
1774156020.0,0.8637
1774156020.0,0.86379
1774156020.0,0.86376
1774156020.0,0.86367
1774156020.0,0.86359
1774156020.0,0.86355
1774156020.0,0.86355
1774156020.0,0.86369
1774156020.0,0.86363
1774156020.0,0.8636
1774156020.0,0.86351
1774156020.0,0.86348
1774156020.0,0.86348
1774156020.0,0.86351
1774156020.0,0.86348
1774156020.0,0.86348
1774156020.0,0.86344
1774156020.0,0.86349
1774156020.0,0.86349
1774156020.0,0.86342
1774156020.0,0.86337
1774156020.0,0.86341
1774156020.0,0.86338
1774156020.0,0.86335
1774156020.0,0.86335
1774156020.0,0.86328
1774156020.0,0.86325
1774156020.0,0.86321
1774156080.0,0.86318
1774156080.0,0.86316
1774156080.0,0.86316
1774156080.0,0.86308
1774156080.0,0.86308
1774156080.0,0.86306
1774156080.0,0.863
1774156080.0,0.86306
1774156080.0,0.86306
1774156080.0,0.86303
1774156080.0,0.863
1774156080.0,0.86296
1774156080.0,0.86298
1774156080.0,0.86295
1774156080.0,0.86295
1774156080.0,0.86292
1774156080.0,0.86288
1774156080.0,0.86291
1774156080.0,0.86298
1774156080.0,0.86295
1774156080.0,0.86295
1774156080.0,0.86278
1774156080.0,0.86291
1774156080.0,0.86288
1774156080.0,0.86276
1774156080.0,0.86272
1774156080.0,0.86272
1774156080.0,0.86276
1774156080.0,0.86276
1774156080.0,0.86273
1774156080.0,0.86278
1774156080.0,0.86287
1774156080.0,0.86287
1774156080.0,0.86286
1774156080.0,0.86303
1774156080.0,0.863
1774156080.0,0.86298
1774156080.0,0.86296
1774156080.0,0.86296
1774156080.0,0.86301
1774156080.0,0.86298
1774156080.0,0.86301
1774156080.0,0.86289
1774156080.0,0.86284
1774156080.0,0.86284
1774156080.0,0.86282
1774156080.0,0.86273
1774156080.0,0.86276
1774156080.0,0.86279
1774156080.0,0.86276
1774156080.0,0.86276
1774156080.0,0.86283
1774156080.0,0.86286
1774156080.0,0.86286
1774156080.0,0.86283
1774156080.0,0.86278
1774156080.0,0.86278
1774156080.0,0.86271
1774156080.0,0.86271
1774156080.0,0.86271
1774156080.0,0.86269
1774156080.0,0.86238
1774156080.0,0.86238
1774156080.0,0.86232
1774156080.0,0.86229
1774156080.0,0.86225
1774156080.0,0.86212
1774156080.0,0.86218
1774156080.0,0.86218
1774156080.0,0.86224
1774156080.0,0.86228
1774156080.0,0.86225
1774156080.0,0.86229
1774156080.0,0.86227
1774156080.0,0.86227
1774156080.0,0.86229
1774156080.0,0.86222
1774156080.0,0.86225
1774156080.0,0.86225
1774156080.0,0.86223
1774156080.0,0.86223
1774156080.0,0.86232
1774156080.0,0.86232
1774156080.0,0.86235
1774156080.0,0.8623
1774156080.0,0.86223
1774156080.0,0.86223
1774156080.0,0.86224
1774156080.0,0.86232
1774156080.0,0.86228
1774156080.0,0.86236
1774156080.0,0.86239
1774156080.0,0.86239
1774156080.0,0.8624
1774156080.0,0.86254
1774156080.0,0.8625
1774156080.0,0.86258
1774156080.0,0.86263
1774156080.0,0.86263
1774156080.0,0.86264
1774156080.0,0.86267
1774156080.0,0.86264
1774156080.0,0.86258
1774156080.0,0.86262
1774156080.0,0.86262
1774156080.0,0.86256
1774156080.0,0.86259
1774156080.0,0.86271
1774156080.0,0.86275
1774156080.0,0.86298
1774156080.0,0.86298
1774156080.0,0.86309
1774156080.0,0.86311
1774156080.0,0.86316
1774156080.0,0.86312
1774156080.0,0.86309
1774156080.0,0.86309
1774156080.0,0.86316
1774156080.0,0.86316
1774156080.0,0.86312
1774156140.0,0.86315
1774156140.0,0.86303
1774156140.0,0.86303
1774156140.0,0.86295
1774156140.0,0.86289
1774156140.0,0.86289
1774156140.0,0.86285
1774156140.0,0.86282
1774156140.0,0.86282
1774156140.0,0.86285
1774156140.0,0.86282
1774156140.0,0.86285
1774156140.0,0.86299
1774156140.0,0.86303
1774156140.0,0.86303
1774156140.0,0.86301
1774156140.0,0.86306
1774156140.0,0.86308
1774156140.0,0.86308
1774156140.0,0.86305
1774156140.0,0.86305
1774156140.0,0.86298
1774156140.0,0.86294
1774156140.0,0.86298
1774156140.0,0.8629
1774156140.0,0.86295
1774156140.0,0.86295
1774156140.0,0.86301
1774156140.0,0.86298
1774156140.0,0.86295
1774156140.0,0.86292
1774156140.0,0.86295
1774156140.0,0.86295
1774156140.0,0.86301
1774156140.0,0.86296
1774156140.0,0.86293
1774156140.0,0.86296
1774156140.0,0.863
1774156140.0,0.863
1774156140.0,0.86295
1774156140.0,0.86298
1774156140.0,0.86293
1774156140.0,0.86293
1774156140.0,0.86298
1774156140.0,0.86298
1774156140.0,0.86295
1774156140.0,0.86288
1774156140.0,0.86294
1774156140.0,0.86286
1774156140.0,0.86286
1774156140.0,0.86286
1774156140.0,0.86283
1774156140.0,0.86275
1774156140.0,0.86277
1774156140.0,0.86259
1774156140.0,0.86259
1774156140.0,0.86259
1774156140.0,0.86257
1774156140.0,0.86254
1774156140.0,0.86238
1774156140.0,0.8623
1774156140.0,0.86233
1774156140.0,0.86233
1774156140.0,0.86241
1774156140.0,0.86237
1774156140.0,0.86244
1774156140.0,0.86247
1774156140.0,0.86252
1774156140.0,0.86252
1774156140.0,0.8624
1774156140.0,0.86244
1774156140.0,0.86241
1774156140.0,0.86244
1774156140.0,0.86242
1774156140.0,0.86242
1774156140.0,0.8624
1774156140.0,0.86232
1774156140.0,0.86232
1774156140.0,0.86228
1774156140.0,0.86232
1774156140.0,0.86225
1774156140.0,0.86225
1774156140.0,0.86225
1774156140.0,0.86221
1774156140.0,0.86221
1774156140.0,0.86242
1774156140.0,0.86236
1774156140.0,0.86231
1774156140.0,0.86231
1774156140.0,0.86228
1774156140.0,0.86216
1774156140.0,0.86216
1774156140.0,0.86213
1774156140.0,0.86201
1774156140.0,0.86201
1774156140.0,0.86201
1774156140.0,0.86192
1774156140.0,0.86192
1774156140.0,0.86192
1774156140.0,0.86219
1774156140.0,0.86217
1774156140.0,0.86217
1774156140.0,0.86217
1774156140.0,0.8622
1774156140.0,0.86217
1774156140.0,0.86217
1774156140.0,0.86214
1774156140.0,0.86217
1774156140.0,0.86217
1774156140.0,0.86213
1774156140.0,0.86215
1774156140.0,0.86215
1774156140.0,0.86215
1774156140.0,0.86215
1774156140.0,0.8621
1774156140.0,0.86216
1774156140.0,0.86214
1774156140.0,0.86214
1774156140.0,0.86215
1774156140.0,0.86218
1774156140.0,0.86208
1774156140.0,0.86211
1774156140.0,0.86214
1774156140.0,0.86214
1774156140.0,0.86208
1774156200.0,0.86208
1774156200.0,0.86211
1774156200.0,0.86207
1774156200.0,0.86203
1774156200.0,0.86203
1774156200.0,0.86213
1774156200.0,0.86203
1774156200.0,0.86199
1774156200.0,0.86196
1774156200.0,0.86198
1774156200.0,0.86198
1774156200.0,0.86201
1774156200.0,0.86203
1774156200.0,0.86206
1774156200.0,0.86213
1774156200.0,0.86204
1774156200.0,0.86204
1774156200.0,0.86196
1774156200.0,0.86193
1774156200.0,0.86196
1774156200.0,0.86207
1774156200.0,0.86209
1774156200.0,0.86206
1774156200.0,0.86204
1774156200.0,0.86201
1774156200.0,0.86204
1774156200.0,0.862
1774156200.0,0.86209
1774156200.0,0.86213
1774156200.0,0.86208
1774156200.0,0.86196
1774156200.0,0.86225
1774156200.0,0.86235
1774156200.0,0.8623
1774156200.0,0.86226
1774156200.0,0.86221
1774156200.0,0.86226
1774156200.0,0.86228
1774156200.0,0.86225
1774156200.0,0.86222
1774156200.0,0.86225
1774156200.0,0.86221
1774156200.0,0.8621
1774156200.0,0.8621
1774156200.0,0.86207
1774156200.0,0.86203
1774156200.0,0.86201
1774156200.0,0.86201
1774156200.0,0.86203
1774156200.0,0.86212
1774156200.0,0.86217
1774156200.0,0.8622
1774156200.0,0.8622
1774156200.0,0.86222
1774156200.0,0.86218
1774156200.0,0.86215
1774156200.0,0.86218
1774156200.0,0.86214
1774156200.0,0.86212
1774156200.0,0.86216
1774156200.0,0.86213
1774156200.0,0.86207
1774156200.0,0.86202
1774156200.0,0.86195
1774156200.0,0.86199
1774156200.0,0.86204
1774156200.0,0.86201
1774156200.0,0.86206
1774156200.0,0.862
1774156200.0,0.86206
1774156200.0,0.86209
1774156200.0,0.86206
1774156200.0,0.8621
1774156200.0,0.86207
1774156200.0,0.86212
1774156200.0,0.86197
1774156200.0,0.86193
1774156200.0,0.86202
1774156200.0,0.86206
1774156200.0,0.86209
1774156200.0,0.86205
1774156200.0,0.86207
1774156200.0,0.86226
1774156200.0,0.86234
1774156200.0,0.86241
1774156200.0,0.86235
1774156200.0,0.86237
1774156200.0,0.86233
1774156200.0,0.86233
1774156200.0,0.86229
1774156200.0,0.86232
1774156200.0,0.86237
1774156200.0,0.86234
1774156200.0,0.86225
1774156200.0,0.8623
1774156200.0,0.8623
1774156200.0,0.86222
1774156200.0,0.86219
1774156200.0,0.86216
1774156200.0,0.86213
1774156200.0,0.86216
1774156200.0,0.86213
1774156200.0,0.86213
1774156200.0,0.86215
1774156200.0,0.8621
1774156200.0,0.86207
1774156200.0,0.8621
1774156200.0,0.86201
1774156200.0,0.86209
1774156200.0,0.86206
1774156200.0,0.862
1774156200.0,0.86196
1774156200.0,0.86199
1774156200.0,0.86203
1774156200.0,0.862
1774156200.0,0.86194
1774156200.0,0.86189
1774156200.0,0.86192
1774156200.0,0.8619
1774156260.0,0.86193
1774156260.0,0.86198
1774156260.0,0.86198
1774156260.0,0.86203
1774156260.0,0.86211
1774156260.0,0.86215
1774156260.0,0.86212
1774156260.0,0.86209
1774156260.0,0.86212
1774156260.0,0.86215
1774156260.0,0.86218
1774156260.0,0.86221
1774156260.0,0.86217
1774156260.0,0.86214
1774156260.0,0.86208
1774156260.0,0.86211
1774156260.0,0.86206
1774156260.0,0.86209
1774156260.0,0.86203
1774156260.0,0.86206
1774156260.0,0.86209
1774156260.0,0.86205
1774156260.0,0.86197
1774156260.0,0.86197
1774156260.0,0.86205
1774156260.0,0.86207
1774156260.0,0.86212
1774156260.0,0.86209
1774156260.0,0.86204
1774156260.0,0.862
1774156260.0,0.86192
1774156260.0,0.86196
1774156260.0,0.86202
1774156260.0,0.86199
1774156260.0,0.86196
1774156260.0,0.86198
1774156260.0,0.86201
1774156260.0,0.86198
1774156260.0,0.86204
1774156260.0,0.86201
1774156260.0,0.86208
1774156260.0,0.86205
1774156260.0,0.86202
1774156260.0,0.86207
1774156260.0,0.8619
1774156260.0,0.86209
1774156260.0,0.86211
1774156260.0,0.86211
1774156260.0,0.86214
1774156260.0,0.86228
1774156260.0,0.86232
1774156260.0,0.86237
1774156260.0,0.86234
1774156260.0,0.86238
1774156260.0,0.86233
1774156260.0,0.8624
1774156260.0,0.86234
1774156260.0,0.86242
1774156260.0,0.86245
1774156260.0,0.86249
1774156260.0,0.86247
1774156260.0,0.86245
1774156260.0,0.86257
1774156260.0,0.86264
1774156260.0,0.86264
1774156260.0,0.8626
1774156260.0,0.86264
1774156260.0,0.86264
1774156260.0,0.86267
1774156260.0,0.8627
1774156260.0,0.86273
1774156260.0,0.8627
1774156260.0,0.86251
1774156260.0,0.86254
1774156260.0,0.86259
1774156260.0,0.86279
1774156260.0,0.86276
1774156260.0,0.86281
1774156260.0,0.86278
1774156260.0,0.86282
1774156260.0,0.8628
1774156260.0,0.86285
1774156260.0,0.86279
1774156260.0,0.86272
1774156260.0,0.86269
1774156260.0,0.86272
1774156260.0,0.8627
1774156260.0,0.86267
1774156260.0,0.86269
1774156260.0,0.86265
1774156260.0,0.86259
1774156260.0,0.86263
1774156260.0,0.86259
1774156260.0,0.86254
1774156260.0,0.86254
1774156260.0,0.86251
1774156260.0,0.86254
1774156260.0,0.86259
1774156260.0,0.86257
1774156260.0,0.86259
1774156260.0,0.86253
1774156260.0,0.86259
1774156260.0,0.86285
1774156260.0,0.86288
1774156260.0,0.86286
1774156260.0,0.86281
1774156260.0,0.8629
1774156260.0,0.86292
1774156260.0,0.86289
1774156260.0,0.86289
1774156260.0,0.86295
1774156260.0,0.86295
1774156260.0,0.86295
1774156260.0,0.86298
1774156260.0,0.86302
1774156260.0,0.86305
1774156260.0,0.86303
1774156260.0,0.86301
1774156260.0,0.86304
1774156260.0,0.86304
1774156320.0,0.86301
1774156320.0,0.86293
1774156320.0,0.86291
1774156320.0,0.86294
1774156320.0,0.86287
1774156320.0,0.86284
1774156320.0,0.86281
1774156320.0,0.86274
1774156320.0,0.86281
1774156320.0,0.86281
1774156320.0,0.86278
1774156320.0,0.86278
1774156320.0,0.86265
1774156320.0,0.86261
1774156320.0,0.86264
1774156320.0,0.8626
1774156320.0,0.86263
1774156320.0,0.86259
1774156320.0,0.86259
1774156320.0,0.86256
1774156320.0,0.86256
1774156320.0,0.86253
1774156320.0,0.86257
1774156320.0,0.86261
1774156320.0,0.86261
1774156320.0,0.86271
1774156320.0,0.86274
1774156320.0,0.8627
1774156320.0,0.86279
1774156320.0,0.86279
1774156320.0,0.86279
1774156320.0,0.86272
1774156320.0,0.86277
1774156320.0,0.86277
1774156320.0,0.86281
1774156320.0,0.86276
1774156320.0,0.86276
1774156320.0,0.86275
1774156320.0,0.86278
1774156320.0,0.8627
1774156320.0,0.86265
1774156320.0,0.86274
1774156320.0,0.86274
1774156320.0,0.86249
1774156320.0,0.86252
1774156320.0,0.86252
1774156320.0,0.86252
1774156320.0,0.86247
1774156320.0,0.86247
1774156320.0,0.8628
1774156320.0,0.86286
1774156320.0,0.86295
1774156320.0,0.863
1774156320.0,0.86304
1774156320.0,0.86304
1774156320.0,0.8631
1774156320.0,0.8632
1774156320.0,0.86317
1774156320.0,0.8632
1774156320.0,0.86316
1774156320.0,0.86316
1774156320.0,0.86316
1774156320.0,0.86312
1774156320.0,0.86322
1774156320.0,0.86317
1774156320.0,0.8632
1774156320.0,0.8632
1774156320.0,0.86303
1774156320.0,0.86313
1774156320.0,0.86318
1774156320.0,0.86321
1774156320.0,0.86316
1774156320.0,0.86316
1774156320.0,0.8631
1774156320.0,0.86306
1774156320.0,0.86306
1774156320.0,0.86308
1774156320.0,0.86311
1774156320.0,0.86311
1774156320.0,0.86313
1774156320.0,0.86324
1774156320.0,0.86321
1774156320.0,0.86318
1774156320.0,0.86325
1774156320.0,0.86325
1774156320.0,0.86324
1774156320.0,0.86317
1774156320.0,0.86327
1774156320.0,0.86327
1774156320.0,0.86324
1774156320.0,0.86324
1774156320.0,0.8632
1774156320.0,0.86324
1774156320.0,0.86324
1774156320.0,0.86321
1774156320.0,0.86317
1774156320.0,0.86317
1774156320.0,0.86321
1774156320.0,0.86313
1774156320.0,0.86315
1774156320.0,0.86313
1774156320.0,0.86311
1774156320.0,0.86311
1774156320.0,0.86313
1774156320.0,0.86322
1774156320.0,0.86336
1774156320.0,0.8633
1774156320.0,0.86322
1774156320.0,0.86322
1774156320.0,0.86319
1774156320.0,0.86316
1774156320.0,0.86316
1774156320.0,0.86317
1774156320.0,0.86314
1774156320.0,0.86319
1774156320.0,0.86319
1774156320.0,0.86319
1774156320.0,0.86319
1774156320.0,0.86319
1774156320.0,0.86327
1774156320.0,0.8633
1774156320.0,0.86333
1774156380.0,0.86333
1774156380.0,0.86343
1774156380.0,0.86345
1774156380.0,0.86345
1774156380.0,0.8635
1774156380.0,0.86356
1774156380.0,0.86354
1774156380.0,0.86354
1774156380.0,0.8635
1774156380.0,0.86348
1774156380.0,0.86348
1774156380.0,0.8635
1774156380.0,0.8636
1774156380.0,0.86356
1774156380.0,0.86356
1774156380.0,0.86376
1774156380.0,0.86379
1774156380.0,0.86379
1774156380.0,0.86378
1774156380.0,0.86362
1774156380.0,0.8637
1774156380.0,0.8637
1774156380.0,0.86366
1774156380.0,0.86369
1774156380.0,0.86369
1774156380.0,0.86378
1774156380.0,0.86375
1774156380.0,0.86369
1774156380.0,0.86369
1774156380.0,0.86367
1774156380.0,0.86398
1774156380.0,0.86398
1774156380.0,0.86406
1774156380.0,0.86406
1774156380.0,0.8641
1774156380.0,0.86408
1774156380.0,0.86404
1774156380.0,0.86404
1774156380.0,0.86413
1774156380.0,0.86415
1774156380.0,0.8642
1774156380.0,0.86424
1774156380.0,0.86427
1774156380.0,0.86427
1774156380.0,0.86428
1774156380.0,0.86431
1774156380.0,0.86426
1774156380.0,0.8643
1774156380.0,0.86433
1774156380.0,0.86433
1774156380.0,0.86429
1774156380.0,0.86431
1774156380.0,0.86434
1774156380.0,0.86442
1774156380.0,0.86449
1774156380.0,0.86449
1774156380.0,0.86461
1774156380.0,0.86458
1774156380.0,0.86466
1774156380.0,0.86469
1774156380.0,0.86463
1774156380.0,0.86463
1774156380.0,0.86472
1774156380.0,0.86472
1774156380.0,0.86472
1774156380.0,0.86468
1774156380.0,0.86474
1774156380.0,0.86474
1774156380.0,0.86473
1774156380.0,0.86475
1774156380.0,0.86482
1774156380.0,0.86486
1774156380.0,0.86489
1774156380.0,0.86489
1774156380.0,0.86489
1774156380.0,0.86487
1774156380.0,0.86487
1774156380.0,0.86488
1774156380.0,0.86485
1774156380.0,0.86481
1774156380.0,0.86481
1774156380.0,0.86478
1774156380.0,0.86483
1774156380.0,0.86483
1774156380.0,0.86482
1774156380.0,0.86478
1774156380.0,0.86485
1774156380.0,0.86485
1774156380.0,0.8649
1774156380.0,0.86494
1774156380.0,0.86494
1774156380.0,0.86494
1774156380.0,0.86498
1774156380.0,0.86505
1774156380.0,0.86505
1774156380.0,0.86491
1774156380.0,0.86491
1774156380.0,0.86491
1774156380.0,0.86493
1774156380.0,0.86498
1774156380.0,0.8651
1774156380.0,0.8651
1774156380.0,0.86504
1774156380.0,0.86509
1774156380.0,0.86509
1774156380.0,0.86509
1774156380.0,0.86506
1774156380.0,0.86502
1774156380.0,0.86502
1774156380.0,0.86498
1774156380.0,0.86502
1774156380.0,0.86502
1774156380.0,0.86513
1774156380.0,0.86515
1774156380.0,0.86511
1774156380.0,0.86511
1774156380.0,0.86531
1774156380.0,0.86527
1774156380.0,0.86527
1774156380.0,0.86541
1774156380.0,0.86544
1774156380.0,0.86537
1774156380.0,0.86537
1774156380.0,0.86531
1774156380.0,0.86533
1774156380.0,0.86533
1774156380.0,0.86535
1774156380.0,0.86557
1774156380.0,0.86547
1774156380.0,0.86547
1774156380.0,0.8655
1774156380.0,0.86554
1774156380.0,0.86554
1774156380.0,0.86545
1774156440.0,0.86542
1774156440.0,0.86538
1774156440.0,0.86538
1774156440.0,0.86534
1774156440.0,0.86529
1774156440.0,0.86529
1774156440.0,0.86528
1774156440.0,0.86524
1774156440.0,0.86527
1774156440.0,0.86527
1774156440.0,0.86512
1774156440.0,0.86514
1774156440.0,0.86514
1774156440.0,0.86509
1774156440.0,0.86506
1774156440.0,0.86506
1774156440.0,0.86506
1774156440.0,0.86511
1774156440.0,0.865
1774156440.0,0.865
1774156440.0,0.86492
1774156440.0,0.86494
1774156440.0,0.86503
1774156440.0,0.86503
1774156440.0,0.865
1774156440.0,0.86492
1774156440.0,0.86492
1774156440.0,0.86491
1774156440.0,0.86494
1774156440.0,0.86494
1774156440.0,0.86494
1774156440.0,0.86477
1774156440.0,0.86482
1774156440.0,0.86482
1774156440.0,0.86483
1774156440.0,0.86496
1774156440.0,0.86496
1774156440.0,0.86496
1774156440.0,0.86498
1774156440.0,0.8649
1774156440.0,0.8649
1774156440.0,0.86513
1774156440.0,0.86511
1774156440.0,0.86508
1774156440.0,0.86508
1774156440.0,0.86504
1774156440.0,0.865
1774156440.0,0.865
1774156440.0,0.865
1774156440.0,0.86502
1774156440.0,0.86502
1774156440.0,0.86502
1774156440.0,0.865
1774156440.0,0.86503
1774156440.0,0.86503
1774156440.0,0.86499
1774156440.0,0.86507
1774156440.0,0.86509
1774156440.0,0.86516
1774156440.0,0.86519
1774156440.0,0.86523
1774156440.0,0.86521
1774156440.0,0.86525
1774156440.0,0.86525
1774156440.0,0.86529
1774156440.0,0.86522
1774156440.0,0.86522
1774156440.0,0.86522
1774156440.0,0.86518
1774156440.0,0.86516
1774156440.0,0.86526
1774156440.0,0.86523
1774156440.0,0.8652
1774156440.0,0.8652
1774156440.0,0.86527
1774156440.0,0.86527
1774156440.0,0.86531
1774156440.0,0.86527
1774156440.0,0.86525
1774156440.0,0.86525
1774156440.0,0.86544
1774156440.0,0.86536
1774156440.0,0.86541
1774156440.0,0.86543
1774156440.0,0.8654
1774156440.0,0.8654
1774156440.0,0.86534
1774156440.0,0.8653
1774156440.0,0.86533
1774156440.0,0.86537
1774156440.0,0.86533
1774156440.0,0.86533
1774156440.0,0.86531
1774156440.0,0.86529
1774156440.0,0.86525
1774156440.0,0.86523
1774156440.0,0.8652
1774156440.0,0.8652
1774156440.0,0.86512
1774156440.0,0.86518
1774156440.0,0.86515
1774156440.0,0.86508
1774156440.0,0.86508
1774156440.0,0.86508
1774156440.0,0.86493
1774156440.0,0.8649
1774156440.0,0.86487
1774156440.0,0.86491
1774156440.0,0.86493
1774156440.0,0.86493
1774156440.0,0.86485
1774156440.0,0.8651
1774156440.0,0.86507
1774156440.0,0.86511
1774156440.0,0.86506
1774156440.0,0.86506
1774156440.0,0.86496
1774156440.0,0.865
1774156440.0,0.86494
1774156440.0,0.86498
1774156440.0,0.86496
1774156440.0,0.86496
1774156440.0,0.86505
1774156440.0,0.86517
1774156440.0,0.86522
1774156440.0,0.86534
1774156440.0,0.8653
1774156500.0,0.8653
1774156500.0,0.86524
1774156500.0,0.86527
1774156500.0,0.8653
1774156500.0,0.86527
1774156500.0,0.86523
1774156500.0,0.86523
1774156500.0,0.86533
1774156500.0,0.86533
1774156500.0,0.86535
1774156500.0,0.86539
1774156500.0,0.86544
1774156500.0,0.86544
1774156500.0,0.86542
1774156500.0,0.86566
1774156500.0,0.86563
1774156500.0,0.86558
1774156500.0,0.86558
1774156500.0,0.86558
1774156500.0,0.86553
1774156500.0,0.86551
1774156500.0,0.86548
1774156500.0,0.86548
1774156500.0,0.86557
1774156500.0,0.86557
1774156500.0,0.8655
1774156500.0,0.8654
1774156500.0,0.8655
1774156500.0,0.86545
1774156500.0,0.86542
1774156500.0,0.86542
1774156500.0,0.8655
1774156500.0,0.86571
1774156500.0,0.86568
1774156500.0,0.86572
1774156500.0,0.86569
1774156500.0,0.86569
1774156500.0,0.86576
1774156500.0,0.86571
1774156500.0,0.86565
1774156500.0,0.86569
1774156500.0,0.86563
1774156500.0,0.86563
1774156500.0,0.86572
1774156500.0,0.86566
1774156500.0,0.86568
1774156500.0,0.86579
1774156500.0,0.86576
1774156500.0,0.86576
1774156500.0,0.86585
1774156500.0,0.86587
1774156500.0,0.8659
1774156500.0,0.86593
1774156500.0,0.86582
1774156500.0,0.86582
1774156500.0,0.86601
1774156500.0,0.86595
1774156500.0,0.86591
1774156500.0,0.86591
1774156500.0,0.86587
1774156500.0,0.86587
1774156500.0,0.8659
1774156500.0,0.86594
1774156500.0,0.86594
1774156500.0,0.86593
1774156500.0,0.8659
1774156500.0,0.86587
1774156500.0,0.86587
1774156500.0,0.8659
1774156500.0,0.86587
1774156500.0,0.86587
1774156500.0,0.8661
1774156500.0,0.86613
1774156500.0,0.86618
1774156500.0,0.86618
1774156500.0,0.86613
1774156500.0,0.86617
1774156500.0,0.86617
1774156500.0,0.86616
1774156500.0,0.86612
1774156500.0,0.86609
1774156500.0,0.86609
1774156500.0,0.86606
1774156500.0,0.86604
1774156500.0,0.86604
1774156500.0,0.86611
1774156500.0,0.86614
1774156500.0,0.86605
1774156500.0,0.86605
1774156500.0,0.86607
1774156500.0,0.86593
1774156500.0,0.86593
1774156500.0,0.86582
1774156500.0,0.8658
1774156500.0,0.86577
1774156500.0,0.86577
1774156500.0,0.8657
1774156500.0,0.86573
1774156500.0,0.86573
1774156500.0,0.86561
1774156500.0,0.86561
1774156500.0,0.86561
1774156500.0,0.86561
1774156500.0,0.86561
1774156500.0,0.86564
1774156500.0,0.86564
1774156500.0,0.86565
1774156500.0,0.86563
1774156500.0,0.86558
1774156500.0,0.86558
1774156500.0,0.86561
1774156500.0,0.86559
1774156500.0,0.86559
1774156500.0,0.86555
1774156500.0,0.86558
1774156500.0,0.86558
1774156500.0,0.86558
1774156500.0,0.86555
1774156500.0,0.86552
1774156500.0,0.86552
1774156500.0,0.86553
1774156500.0,0.86557
1774156500.0,0.86564
1774156500.0,0.86564
1774156500.0,0.86561
1774156500.0,0.86564
1774156500.0,0.86564
1774156500.0,0.86572
1774156500.0,0.86576
1774156500.0,0.86572
1774156560.0,0.86572
1774156560.0,0.86569
1774156560.0,0.86566
1774156560.0,0.86566
1774156560.0,0.86588
1774156560.0,0.86588
1774156560.0,0.86585
1774156560.0,0.86585
1774156560.0,0.86585
1774156560.0,0.86589
1774156560.0,0.86589
1774156560.0,0.86579
1774156560.0,0.86579
1774156560.0,0.86591
1774156560.0,0.86591
1774156560.0,0.86584
1774156560.0,0.86581
1774156560.0,0.86581
1774156560.0,0.86584
1774156560.0,0.86584
1774156560.0,0.86581
1774156560.0,0.86581
1774156560.0,0.86577
1774156560.0,0.86569
1774156560.0,0.86569
1774156560.0,0.86569
1774156560.0,0.86567
1774156560.0,0.86562
1774156560.0,0.86562
1774156560.0,0.86565
1774156560.0,0.86559
1774156560.0,0.86559
1774156560.0,0.86554
1774156560.0,0.86559
1774156560.0,0.86563
1774156560.0,0.86563
1774156560.0,0.8656
1774156560.0,0.86556
1774156560.0,0.86556
1774156560.0,0.86556
1774156560.0,0.86556
1774156560.0,0.86569
1774156560.0,0.86569
1774156560.0,0.86569
1774156560.0,0.86572
1774156560.0,0.86572
1774156560.0,0.86573
1774156560.0,0.86596
1774156560.0,0.86599
1774156560.0,0.86599
1774156560.0,0.86599
1774156560.0,0.86603
1774156560.0,0.86603
1774156560.0,0.86618
1774156583.391,0.86625
1774156583.875,0.86633
1774156584.093,0.86633
1774156584.391,0.8663
1774156584.89,0.8663
1774156585.292,0.8663
1774156585.89,0.86629
1774156586.392,0.86635
1774156586.893,0.8663
1774156587.093,0.8663
1774156587.395,0.86627
1774156587.894,0.8661
1774156588.293,0.8661
1774156588.894,0.86592
1774156589.395,0.86586
1774156589.894,0.8659
1774156590.095,0.8659
1774156590.394,0.8659
1774156590.894,0.86594
1774156591.295,0.86594
1774156591.895,0.86602
1774156592.396,0.866
1774156592.896,0.86605
1774156593.096,0.86605
1774156593.396,0.86608
1774156593.881,0.86604
1774156594.296,0.86604
1774156594.897,0.86595
1774156595.397,0.86591
1774156595.897,0.86585
1774156596.398,0.86574
1774156596.898,0.86577
1774156597.296,0.86577
1774156597.932,0.86572
1774156598.4,0.8657
1774156598.884,0.86576
1774156599.097,0.86576
1774156599.385,0.86573
1774156599.878,0.86564
1774156600.299,0.86564
1774156600.916,0.86573
1774156601.417,0.86575
1774156601.918,0.8657
1774156602.418,0.86568
1774156602.918,0.86566
1774156603.3,0.86566
1774156603.935,0.86566
1774156604.434,0.86566
1774156604.934,0.86562
1774156605.434,0.86565
1774156605.935,0.86559
1774156606.3,0.86559
1774156606.95,0.86567
1774156607.453,0.86576
1774156607.968,0.86583
1774156608.469,0.86586
1774156609.001,0.86601
1774156609.455,0.86599
1774156609.984,0.86595
1774156610.484,0.86597
1774156610.984,0.86607
1774156611.485,0.86607
1774156611.985,0.86616
1774156612.3,0.86616
1774156613.0,0.86627
1774156613.502,0.86624
1774156614.002,0.86621
1774156614.502,0.86621
1774156614.991,0.86615
1774156615.302,0.86615
1774156615.533,0.86615
1774156616.024,0.86615
1774156616.55,0.86615
1774156617.053,0.86611
1774156617.553,0.86608
1774156618.07,0.866
1774156618.569,0.86598
1774156619.086,0.86601
1774156619.584,0.86604
1774156620.086,0.86608
1774156620.585,0.8661
1774156621.103,0.86614
1774156621.602,0.86619
1774156622.104,0.86617
1774156622.606,0.86621
1774156623.102,0.86621
1774156623.604,0.86623
1774156624.104,0.8662
1774156624.604,0.86616
1774156625.104,0.86619
1774156625.604,0.86616
1774156626.103,0.86616
1774156626.605,0.86613
1774156627.092,0.86611
1774156627.592,0.86611
1774156628.107,0.8662
1774156628.608,0.86617
1774156629.103,0.86617
1774156629.592,0.86611
1774156630.108,0.86608
1774156630.607,0.86611
1774156631.082,0.86608
1774156631.609,0.86605
1774156632.103,0.86605
1774156632.61,0.8661
1774156633.126,0.86614
1774156633.61,0.86611
1774156634.11,0.86613
1774156634.626,0.86611
1774156635.104,0.86611
1774156635.626,0.86619
1774156636.126,0.86621
1774156636.626,0.86627
1774156637.114,0.8663
1774156637.615,0.86641
1774156638.107,0.86641
1774156638.629,0.86649
1774156639.13,0.86647
1774156639.63,0.8665
1774156640.145,0.86653
1774156640.646,0.86653
1774156641.107,0.86653
1774156641.633,0.86656
1774156642.145,0.86659
1774156642.662,0.86664
1774156643.162,0.86655
1774156643.647,0.86658
1774156644.108,0.86658
1774156644.647,0.8666
1774156645.147,0.8666
1774156645.662,0.86665
1774156646.14,0.8667
1774156646.68,0.86662
1774156647.109,0.86662
1774156647.667,0.86679
1774156648.183,0.86685
1774156648.698,0.8668
1774156649.199,0.86684
1774156649.713,0.86689
1774156650.109,0.86689
1774156650.699,0.86684
1774156651.214,0.86687
1774156651.699,0.86684
1774156652.22,0.86689
1774156652.7,0.86686
1774156653.109,0.86686
1774156653.7,0.86681
1774156654.194,0.86677
1774156654.716,0.8668
1774156655.231,0.86673
1774156655.717,0.86675
1774156656.109,0.86675
1774156656.732,0.86679
1774156657.235,0.86675
1774156657.735,0.86682
1774156658.251,0.86673
1774156658.735,0.86677
1774156659.111,0.86677
1774156659.735,0.86676
1774156660.211,0.86673
1774156660.735,0.86669
1774156661.252,0.86665
1774156661.752,0.86662
1774156662.112,0.86662
1774156662.753,0.86659
1774156663.269,0.86661
1774156663.769,0.86672
1774156664.284,0.86669
1774156664.769,0.86675
1774156665.112,0.86675
1774156665.784,0.86666
1774156666.286,0.86675
1774156666.801,0.86679
1774156667.288,0.86676
1774156667.803,0.86672
1774156668.113,0.86672
1774156668.804,0.86671
1774156669.305,0.86671
1774156669.792,0.86687
1774156670.335,0.86692
1774156670.835,0.8669
1774156671.115,0.8669
1774156671.321,0.86685
1774156671.821,0.86682
1774156672.315,0.86682
1774156672.853,0.86688
1774156673.353,0.86685
1774156673.854,0.8668
1774156674.117,0.8668
1774156674.343,0.86676
1774156674.869,0.86676
1774156675.317,0.86676
1774156675.884,0.86679
1774156676.403,0.86675
1774156676.884,0.8667
1774156677.117,0.8667
1774156677.39,0.86673
1774156677.865,0.86669
1774156678.318,0.86669
1774156678.905,0.86669
1774156679.405,0.86666
1774156679.905,0.86671
1774156680.118,0.86671
1774156680.443,0.86675
1774156680.941,0.86671
1774156681.318,0.86671
1774156681.942,0.86662
1774156682.408,0.86659
1774156682.924,0.86657
1774156683.424,0.86653
1774156683.909,0.86649
1774156684.317,0.86649
1774156684.924,0.86651
1774156685.424,0.86648
1774156685.925,0.8665
1774156686.425,0.86644
1774156686.925,0.86649
1774156687.318,0.86649
1774156687.913,0.86646
1774156688.413,0.86646
1774156688.912,0.8664
1774156689.119,0.8664
1774156689.428,0.86638
1774156689.928,0.86636
1774156690.319,0.86636
1774156690.928,0.86652
1774156691.429,0.86659
1774156691.935,0.86656
1774156692.43,0.86653
1774156692.946,0.86649
1774156693.319,0.86649
1774156693.915,0.86646
1774156694.415,0.86644
1774156694.931,0.86641
1774156695.431,0.86638
1774156695.93,0.86623
1774156696.319,0.86623
1774156696.916,0.86604
1774156697.435,0.86614
1774156697.934,0.86614
1774156698.45,0.86614
1774156698.95,0.86618
1774156699.32,0.86618
1774156699.922,0.86613
1774156700.468,0.8662
1774156700.966,0.86623
1774156701.469,0.86626
1774156701.956,0.86621
1774156702.322,0.86621
1774156702.984,0.86613
1774156703.486,0.86609
1774156703.969,0.86604
1774156704.487,0.866
1774156704.984,0.86597
1774156705.325,0.86597
1774156705.987,0.86603
1774156706.488,0.86599
1774156706.969,0.86603
1774156707.455,0.86605
1774156708.003,0.86605
1774156708.472,0.86608
1774156708.956,0.86608
1774156709.456,0.86612
1774156709.953,0.86612
1774156710.472,0.86619
1774156710.972,0.86606
1774156711.327,0.86606
1774156711.973,0.86608
1774156712.453,0.86603
1774156712.99,0.86601
1774156713.49,0.86603
1774156713.99,0.86609
1774156714.33,0.86609
1774156715.005,0.86618
1774156715.506,0.86613
1774156716.021,0.86619
1774156716.524,0.86622
1774156716.996,0.86619
1774156717.331,0.86619
1774156718.025,0.86624
1774156718.526,0.86628
1774156719.045,0.86628
1774156719.543,0.86651
1774156720.056,0.86648
1774156720.557,0.86644
1774156721.06,0.86639
1774156721.558,0.86618
1774156722.061,0.86635
1774156722.563,0.86656
1774156723.059,0.86652
1774156723.559,0.86647
1774156724.066,0.86654
1774156724.559,0.86651
1774156725.059,0.86643
1774156725.575,0.86649
1774156726.078,0.86643
1774156726.578,0.86622
1774156727.08,0.86625
1774156727.582,0.8663
1774156728.081,0.86625
1774156728.581,0.86619
1774156729.083,0.86625
1774156729.587,0.86622
1774156730.081,0.86626
1774156730.583,0.86631
1774156731.085,0.86628
1774156731.583,0.86625
1774156732.084,0.86636
1774156732.583,0.86632
1774156733.086,0.86635
1774156733.585,0.86632
1774156734.086,0.86638
1774156734.583,0.86634
1774156735.087,0.8663
1774156735.586,0.86632
1774156736.099,0.8662
1774156736.603,0.86611
1774156737.101,0.86614
1774156737.602,0.86611
1774156738.102,0.86614
1774156738.602,0.86608
1774156739.102,0.866
1774156739.602,0.86604
1774156740.103,0.86604
1774156740.604,0.8661
1774156741.105,0.8661
1774156741.607,0.86618
1774156742.104,0.8662
1774156742.609,0.86624
1774156743.109,0.86628
1774156743.609,0.86633
1774156744.108,0.86636
1774156744.608,0.86632
1774156745.109,0.86637
1774156745.609,0.86634
1774156746.11,0.86637
1774156746.609,0.8664
1774156747.111,0.86649
1774156747.613,0.86652
1774156748.113,0.86672
1774156748.613,0.86669
1774156749.113,0.86666
1774156749.612,0.86671
1774156750.113,0.86667
1774156750.613,0.86664
1774156751.114,0.86655
1774156751.614,0.86652
1774156752.114,0.86648
1774156752.613,0.86645
1774156753.113,0.86649
1774156753.613,0.86649
1774156754.112,0.86646
1774156754.613,0.86638
1774156755.112,0.86642
1774156755.613,0.86638
1774156756.114,0.86638
1774156756.613,0.86633
1774156757.115,0.8663
1774156757.617,0.86633
1774156758.117,0.86627
1774156758.616,0.86623
1774156759.116,0.86626
1774156759.616,0.86626
1774156760.117,0.86628
1774156760.616,0.86623
1774156761.117,0.86626
1774156761.617,0.86628
1774156762.121,0.86624
1774156762.618,0.86621
1774156763.118,0.86618
1774156763.618,0.8662
1774156764.123,0.86592
1774156764.618,0.86599
1774156765.119,0.86603
1774156765.618,0.86596
1774156766.119,0.86609
1774156766.619,0.86612
1774156767.121,0.86607
1774156767.627,0.866
1774156768.123,0.86603
1774156768.622,0.86601
1774156769.122,0.86601
1774156769.623,0.86604
1774156770.123,0.86602
1774156770.626,0.86608
1774156771.128,0.86612
1774156771.623,0.86609
1774156772.123,0.86617
1774156772.626,0.86619
1774156773.126,0.86619
1774156773.625,0.86617
1774156774.126,0.86638
1774156774.625,0.86638
1774156775.125,0.86627
1774156775.626,0.86624
1774156776.127,0.86628
1774156776.625,0.86631
1774156777.127,0.86635
1774156777.629,0.86643
1774156778.129,0.86646
1774156778.629,0.86656
1774156779.134,0.86662
1774156779.629,0.86656
1774156780.13,0.86653
1774156780.63,0.86662
1774156781.13,0.86659
1774156781.63,0.86655
1774156782.13,0.86652
1774156782.634,0.86648
1774156783.131,0.86642
1774156783.631,0.86639
1774156784.131,0.86641
1774156784.633,0.86631
1774156785.138,0.86627
1774156785.632,0.86635
1774156786.132,0.86661
1774156786.632,0.86666
1774156787.134,0.86663
1774156787.638,0.8666
1774156788.135,0.86665
1774156788.636,0.86662
1774156789.135,0.86662
1774156789.638,0.86662
1774156790.136,0.86668
1774156790.635,0.86671
1774156791.136,0.86667
1774156791.637,0.86647
1774156792.136,0.86647
1774156792.638,0.86654
1774156793.137,0.86663
1774156793.638,0.86663
1774156794.137,0.86654
1774156794.638,0.86657
1774156795.139,0.86654
1774156795.638,0.86657
1774156796.138,0.86654
1774156796.64,0.86657
1774156797.141,0.86665
1774156797.642,0.86669
1774156798.142,0.86674
1774156798.642,0.86663
1774156799.143,0.86659
1774156799.642,0.86659
1774156800.142,0.86651
1774156800.644,0.86647
1774156801.145,0.8664
1774156801.644,0.86644
1774156802.144,0.86652
1774156802.646,0.86647
1774156803.145,0.86654
1774156803.661,0.86658
1774156804.135,0.86669
1774156804.661,0.86666
1774156805.161,0.86662
1774156805.661,0.86649
1774156806.161,0.86649
1774156806.662,0.86648
1774156807.163,0.86645
1774156807.665,0.86639
1774156808.164,0.86632
1774156808.649,0.86632
1774156809.162,0.86632
1774156809.68,0.86629
1774156810.18,0.86624
1774156810.68,0.86621
1774156811.181,0.86624
1774156811.686,0.86624
1774156812.163,0.86624
1774156812.698,0.86621
1774156813.198,0.86624
1774156813.698,0.86632
1774156814.198,0.86635
1774156814.698,0.86638
1774156815.165,0.86638
1774156815.698,0.86635
1774156816.199,0.86633
1774156816.699,0.86624
1774156817.201,0.86629
1774156817.702,0.86626
1774156818.165,0.86626
1774156818.702,0.86625
1774156819.202,0.86602
1774156819.702,0.8661
1774156820.202,0.86606
1774156820.702,0.86602
1774156821.165,0.86602
1774156821.703,0.86599
1774156822.204,0.86607
1774156822.705,0.86607
1774156823.204,0.8661
1774156823.705,0.86608
1774156824.167,0.86608
1774156824.705,0.86606
1774156825.205,0.86608
1774156825.705,0.8661
1774156826.206,0.86616
1774156826.706,0.86613
1774156827.169,0.86613
1774156827.709,0.86605
1774156828.208,0.86602
1774156828.708,0.86626
1774156829.208,0.8663
1774156829.708,0.86627
1774156830.17,0.86627
1774156830.708,0.86616
1774156831.214,0.86613
1774156831.71,0.86616
1774156832.21,0.86624
1774156832.713,0.86621
1774156833.173,0.86621
1774156833.712,0.86623
1774156834.211,0.86619
1774156834.711,0.86625
1774156835.211,0.86621
1774156835.711,0.86625
1774156836.174,0.86625
1774156836.712,0.86628
1774156837.214,0.86624
1774156837.715,0.86624
1774156838.215,0.86619
1774156838.716,0.86621
1774156839.174,0.86621
1774156839.715,0.86611
1774156840.215,0.86614
1774156840.715,0.86608
1774156841.216,0.86597
1774156841.716,0.86591
1774156842.175,0.86591
1774156842.717,0.8659
1774156843.217,0.86593
1774156843.719,0.86595
1774156844.217,0.86595
1774156844.717,0.86598
1774156845.176,0.86598
1774156845.717,0.86612
1774156846.221,0.86601
1774156846.718,0.86609
1774156847.221,0.86605
1774156847.722,0.86611
1774156848.176,0.86611
1774156848.721,0.86611
1774156849.221,0.86606
1774156849.722,0.86609
1774156850.221,0.86612
1774156850.721,0.86607
1774156851.177,0.86607
1774156851.722,0.86605
1774156852.224,0.86605
1774156852.724,0.86602
1774156853.223,0.866
1774156853.723,0.86597
1774156854.179,0.86597
1774156854.726,0.86593
1774156855.224,0.8659
1774156855.724,0.86602
1774156856.224,0.8659
1774156856.727,0.8659
1774156857.178,0.8659
1774156857.729,0.8659
1774156858.229,0.86585
1774156858.729,0.86589
1774156859.229,0.86593
1774156859.728,0.86591
1774156860.181,0.86591
1774156860.729,0.86594
1774156861.23,0.86599
1774156861.73,0.86601
1774156862.231,0.86597
1774156862.731,0.86593
1774156863.182,0.86593
1774156863.747,0.86592
1774156864.247,0.86602
1774156864.747,0.86593
1774156865.247,0.86591
1774156865.747,0.86596
1774156866.183,0.86596
1774156866.748,0.86598
1774156867.251,0.86601
1774156867.766,0.86596
1774156868.251,0.86599
1774156868.751,0.86597
1774156869.185,0.86597
1774156869.751,0.86622
1774156870.251,0.86619
1774156870.751,0.86626
1774156871.252,0.86623
1774156871.752,0.8662
1774156872.186,0.8662
1774156872.754,0.86635
1774156873.269,0.86633
1774156873.755,0.86627
1774156874.253,0.86632
1774156874.755,0.8663
1774156875.186,0.8663
1774156875.753,0.86634
1774156876.254,0.86631
1774156876.754,0.86628
1774156877.256,0.86625
1774156877.757,0.86622
1774156878.186,0.86622
1774156878.756,0.86627
1774156879.257,0.8663
1774156879.803,0.8663
1774156880.256,0.86638
1774156880.772,0.86641
1774156881.189,0.86641
1774156881.757,0.86644
1774156882.258,0.8664
1774156882.758,0.86642
1774156883.258,0.86639
1774156883.758,0.86636
1774156884.189,0.86636
1774156884.759,0.86634
1774156885.258,0.86638
1774156885.759,0.86645
1774156886.259,0.86643
1774156886.76,0.86638
1774156887.19,0.86638
1774156887.763,0.86644
1774156888.263,0.86661
1774156888.762,0.86665
1774156889.262,0.86665
1774156889.762,0.86652
1774156890.191,0.86652
1774156890.762,0.86652
1774156891.264,0.86654
1774156891.764,0.86658
1774156892.271,0.86661
1774156892.765,0.86657
1774156893.193,0.86657
1774156893.765,0.86662
1774156894.266,0.86659
1774156894.768,0.86662
1774156895.268,0.86671
1774156895.765,0.86671
1774156896.196,0.86671
1774156896.769,0.86669
1774156897.271,0.86665
1774156897.772,0.86661
1774156898.272,0.86663
1774156898.772,0.86668
1774156899.197,0.86668
1774156899.772,0.86686
1774156900.269,0.86686
1774156900.771,0.8669
1774156901.0,0.8669
1774156901.273,0.86703
1774156901.772,0.86708
1774156902.2,0.86708
1774156902.781,0.86708
1774156903.271,0.86714
1774156903.774,0.86716
1774156904.0,0.86716
1774156904.287,0.86719
1774156904.79,0.86722
1774156905.202,0.86722
1774156905.786,0.86731
1774156906.288,0.86728
1774156906.787,0.86722
1774156907.003,0.86722
1774156907.291,0.86722
1774156907.793,0.86717
1774156908.204,0.86717
1774156908.79,0.86729
1774156909.291,0.86724
1774156909.791,0.86729
1774156910.004,0.86729
1774156910.291,0.86729
1774156910.79,0.86735
1774156911.204,0.86735
1774156911.795,0.86726
1774156912.293,0.86729
1774156912.793,0.86733
1774156913.005,0.86733
1774156913.293,0.86736
1774156913.793,0.86734
1774156914.206,0.86734
1774156914.793,0.86737
1774156915.293,0.86743
1774156915.793,0.86741
1774156916.007,0.86741
1774156916.294,0.86745
1774156916.795,0.86742
1774156917.206,0.86742
1774156917.797,0.86734
1774156918.298,0.86724
1774156918.798,0.86734
1774156919.008,0.86734
1774156919.298,0.86737
1774156919.798,0.86733
1774156920.208,0.86733
1774156920.798,0.86716
1774156921.298,0.86713
1774156921.801,0.86716
1774156922.009,0.86716
1774156922.3,0.86743
1774156922.801,0.86745
1774156923.21,0.86745
1774156923.801,0.86743
1774156924.301,0.8674
1774156924.8,0.86735
1774156925.01,0.86735
1774156925.304,0.8673
1774156925.801,0.86726
1774156926.21,0.86726
1774156926.802,0.86731
1774156927.304,0.86726
1774156927.805,0.8672
1774156928.009,0.8672
1774156928.305,0.86717
1774156928.805,0.86719
1774156929.209,0.86719
1774156929.805,0.86733
1774156930.305,0.86722
1774156930.805,0.86726
1774156931.011,0.86726
1774156931.306,0.8672
1774156931.807,0.86724
1774156932.212,0.86724
1774156932.808,0.86717
1774156933.308,0.8672
1774156933.796,0.86716
1774156934.012,0.86716
1774156934.309,0.86719
1774156934.808,0.86716
1774156935.212,0.86716
1774156935.808,0.86716
1774156936.31,0.86722
1774156936.809,0.86722
1774156937.013,0.86722
1774156937.316,0.86709
1774156937.817,0.86715
1774156938.212,0.86715
1774156938.812,0.86721
1774156939.312,0.86724
1774156939.844,0.8673
1774156940.312,0.86736
1774156940.812,0.86733
1774156941.214,0.86733
1774156941.819,0.86741
1774156942.315,0.86739
1774156942.802,0.86744
1774156943.019,0.86744
1774156943.309,0.86747
1774156943.815,0.8676
1774156944.219,0.8676
1774156944.815,0.8676
1774156945.33,0.86752
1774156945.815,0.86749
1774156946.018,0.86749
1774156946.33,0.86752
1774156946.831,0.8675
1774156947.219,0.8675
1774156947.834,0.86761
1774156948.334,0.86763
1774156948.834,0.86757
1774156949.335,0.86761
1774156949.834,0.86758
1774156950.221,0.86758
1774156950.834,0.86758
1774156951.335,0.86758
1774156951.836,0.86753
1774156952.336,0.86756
1774156952.836,0.86751
1774156953.221,0.86751
1774156953.821,0.86745
1774156954.337,0.86745
1774156954.837,0.86733
1774156955.336,0.86733
1774156955.836,0.86706
1774156956.223,0.86706
1774156956.837,0.86707
1774156957.341,0.86711
1774156957.84,0.86703
1774156958.34,0.86706
1774156958.841,0.86703
1774156959.224,0.86703
1774156959.841,0.86717
1774156960.34,0.86717
1774156960.845,0.86713
1774156961.345,0.86718
1774156961.841,0.86728
1774156962.226,0.86728
1774156962.844,0.86735
1774156963.343,0.86738
1774156963.83,0.86734
1774156964.343,0.86738
1774156964.843,0.86735
1774156965.228,0.86735
1774156965.843,0.86732
1774156966.343,0.86729
1774156966.843,0.86735
1774156967.347,0.8674
1774156967.847,0.8674
1774156968.231,0.8674
1774156968.847,0.86743
1774156969.347,0.86746
1774156969.85,0.8674
1774156970.348,0.86764
1774156970.85,0.86762
1774156971.231,0.86762
1774156971.849,0.86768
1774156972.35,0.8677
1774156972.85,0.86774
1774156973.351,0.86764
1774156973.838,0.86761
1774156974.233,0.86761
1774156974.851,0.86757
1774156975.35,0.86743
1774156975.851,0.86738
1774156976.351,0.86735
1774156976.852,0.86735
1774156977.233,0.86735
1774156977.855,0.86736
1774156978.356,0.86747
1774156978.856,0.8676
1774156979.356,0.86782
1774156979.855,0.86774
1774156980.234,0.86774
1774156980.856,0.86771
1774156981.357,0.86768
1774156981.861,0.86768
1774156982.362,0.8678
1774156982.861,0.86777
1774156983.235,0.86777
1774156983.845,0.86787
1774156984.359,0.86795
1774156984.858,0.86787
1774156985.358,0.86793
1774156985.858,0.8679
1774156986.236,0.8679
1774156986.89,0.86793
1774156987.362,0.86785
1774156987.863,0.86787
1774156988.362,0.86783
1774156988.862,0.8678
1774156989.237,0.8678
1774156989.863,0.86757
1774156990.378,0.86754
1774156990.863,0.8675
1774156991.364,0.86746
1774156991.864,0.86737
1774156992.237,0.86737
1774156992.866,0.86742
1774156993.366,0.8674
1774156993.866,0.86743
1774156994.373,0.8674
1774156994.865,0.86735
1774156995.241,0.86735
1774156995.866,0.86743
1774156996.369,0.86738
1774156996.866,0.86735
1774156997.37,0.86742
1774156997.872,0.86738
1774156998.241,0.86738
1774156998.869,0.86743
1774156999.37,0.86739
1774156999.869,0.86734
1774157000.385,0.86738
1774157000.9,0.86735
1774157001.242,0.86735
1774157001.886,0.86733
1774157002.387,0.8673
1774157002.888,0.86724
1774157003.387,0.86724
1774157003.872,0.8673
1774157004.244,0.8673
1774157004.887,0.86722
1774157005.387,0.86716
1774157005.888,0.86714
1774157006.403,0.86717
1774157006.904,0.86727
1774157007.245,0.86727
1774157007.907,0.86719
1774157008.407,0.8671
1774157008.923,0.86713
1774157009.438,0.86705
1774157009.938,0.86702
1774157010.246,0.86702
1774157010.454,0.86706
1774157010.954,0.86709
1774157011.447,0.86709
1774157011.955,0.86714
1774157012.461,0.86723
1774157012.972,0.86727
1774157013.248,0.86727
1774157013.472,0.86724
1774157013.972,0.86724
1774157014.448,0.86724
1774157015.004,0.86731
1774157015.503,0.86734
1774157016.019,0.86737
1774157016.499,0.86735
1774157017.006,0.86741
1774157017.507,0.86741
1774157018.007,0.86736
1774157018.523,0.86739
1774157019.039,0.86733
1774157019.539,0.86727
1774157020.054,0.8673
1774157020.554,0.86725
1774157021.052,0.86725
1774157021.554,0.86719
1774157022.061,0.86722
1774157022.557,0.86725
1774157023.072,0.86723
1774157023.589,0.86719
1774157024.054,0.86719
1774157024.589,0.86718
1774157025.088,0.86715
1774157025.589,0.86707
1774157026.088,0.86703
1774157026.588,0.86703
1774157027.054,0.86703
1774157027.608,0.86685
1774157028.092,0.86683
1774157028.608,0.86686
1774157029.107,0.86688
1774157029.608,0.86684
1774157030.055,0.86684
1774157030.607,0.86686
1774157031.108,0.86689
1774157031.608,0.86693
1774157032.108,0.86695
1774157032.611,0.8669
1774157033.055,0.8669
1774157033.61,0.86689
1774157034.11,0.86692
1774157034.618,0.86697
1774157035.11,0.86691
1774157035.61,0.86688
1774157036.057,0.86688
1774157036.61,0.86688
1774157037.114,0.86694
1774157037.615,0.86691
1774157038.115,0.86695
1774157038.648,0.86692
1774157039.058,0.86692
1774157039.647,0.86685
1774157040.152,0.86682
1774157040.663,0.86687
1774157041.163,0.8671
1774157041.664,0.86713
1774157042.058,0.86713
1774157042.665,0.86706
1774157043.118,0.8671
1774157043.619,0.86708
1774157044.12,0.86701
1774157044.618,0.86704
1774157045.06,0.86704
1774157045.619,0.867
1774157046.118,0.86696
1774157046.619,0.8669
1774157047.121,0.86694
1774157047.606,0.86696
1774157048.062,0.86696
1774157048.608,0.86698
1774157049.107,0.86695
1774157049.607,0.86692
1774157050.107,0.86698
1774157050.623,0.86696
1774157051.063,0.86696
1774157051.608,0.86703
1774157052.108,0.86705
1774157052.61,0.867
1774157053.11,0.86702
1774157053.61,0.86706
1774157054.064,0.86706
1774157054.625,0.867
1774157055.14,0.86694
1774157055.625,0.86698
1774157056.14,0.86694
1774157056.632,0.86703
1774157057.065,0.86703
1774157057.644,0.86703
1774157058.144,0.86693
1774157058.644,0.86687
1774157059.14,0.86695
1774157059.66,0.86695
1774157060.066,0.86695
1774157060.657,0.86712
1774157061.159,0.86724
1774157061.657,0.86741
1774157062.176,0.86738
1774157062.677,0.86742
1774157063.066,0.86742
1774157063.677,0.86739
1774157064.194,0.86734
1774157064.708,0.86755
1774157065.208,0.86747
1774157065.709,0.86747
1774157066.066,0.86747
1774157066.725,0.86748
1774157067.228,0.86748
1774157067.728,0.86745
1774157068.228,0.8674
1774157068.729,0.86745
1774157069.066,0.86745
1774157069.728,0.86751
1774157070.228,0.86755
1774157070.728,0.86758
1774157071.228,0.8676
1774157071.715,0.86764
1774157072.067,0.86764
1774157072.715,0.86764
1774157073.218,0.86761
1774157073.715,0.86765
1774157074.216,0.86767
1774157074.715,0.86762
1774157075.066,0.86762
1774157075.715,0.86766
1774157076.215,0.86759
1774157076.717,0.86761
1774157077.217,0.86758
1774157077.719,0.86761
1774157078.067,0.86761
1774157078.735,0.86761
1774157079.234,0.86759
1774157079.734,0.86754
1774157080.234,0.86756
1774157080.735,0.86754
1774157081.069,0.86754
1774157081.751,0.86741
1774157082.267,0.86743
1774157082.753,0.86743
1774157083.254,0.86743
1774157083.754,0.86746
1774157084.069,0.86746
1774157084.768,0.86757
1774157085.268,0.86757
1774157085.785,0.86755
1774157086.285,0.86752
1774157086.785,0.86752
1774157087.07,0.86752
1774157087.271,0.86749
1774157087.772,0.86746
1774157088.27,0.86746
1774157088.788,0.86738
1774157089.288,0.86731
1774157089.788,0.86733
1774157090.07,0.86733
1774157090.288,0.86736
1774157090.788,0.86744
1774157091.271,0.86744
1774157091.789,0.86722
1774157092.32,0.86722
1774157092.806,0.86718
1774157093.07,0.86718
1774157093.308,0.86713
1774157093.793,0.86718
1774157094.271,0.86718
1774157094.806,0.86721
1774157095.322,0.86724
1774157095.822,0.86726
1774157096.072,0.86726
1774157096.323,0.86721
1774157096.824,0.86724
1774157097.273,0.86724
1774157097.828,0.8672
1774157098.328,0.86723
1774157098.827,0.86725
1774157099.073,0.86725
1774157099.327,0.8672
1774157099.827,0.8672
1774157100.273,0.8672
1774157100.827,0.86719
1774157101.328,0.86721
1774157101.83,0.86723
1774157102.073,0.86723
1774157102.329,0.86727
1774157102.83,0.86734
1774157103.274,0.86734
1774157103.83,0.86737
1774157104.33,0.86737
1774157104.83,0.86741
1774157105.074,0.86741
1774157105.33,0.86734
1774157105.83,0.86732
1774157106.273,0.86732
1774157106.847,0.86732
1774157107.334,0.86732
1774157107.834,0.86728
1774157108.073,0.86728
1774157108.335,0.86725
1774157108.834,0.86718
1774157109.274,0.86718
1774157109.834,0.86718
1774157110.334,0.86715
1774157110.834,0.8672
1774157111.075,0.8672
1774157111.334,0.86717
1774157111.835,0.86714
1774157112.275,0.86714
1774157112.837,0.8671
1774157113.338,0.86707
1774157113.821,0.86707
1774157114.077,0.86707
1774157114.336,0.86704
1774157114.821,0.867
1774157115.277,0.867
1774157115.837,0.8671
1774157116.339,0.86714
1774157116.838,0.8671
1774157117.076,0.8671
1774157117.339,0.86702
1774157117.84,0.86698
1774157118.277,0.86698
1774157118.842,0.8669
1774157119.342,0.86687
1774157119.84,0.86691
1774157120.077,0.86691
1774157120.34,0.86687
1774157120.856,0.86677
1774157121.278,0.86677
1774157121.857,0.86683
1774157122.389,0.86686
1774157122.859,0.86689
1774157123.079,0.86689
1774157123.359,0.86686
1774157123.843,0.86689
1774157124.279,0.86689
1774157124.859,0.86679
1774157125.36,0.86679
1774157125.874,0.86677
1774157126.081,0.86677
1774157126.377,0.86673
1774157126.875,0.86671
1774157127.282,0.86671
1774157127.878,0.86667
1774157128.378,0.86672
1774157128.878,0.86676
1774157129.082,0.86676
1774157129.378,0.86669
1774157129.878,0.86665
1774157130.284,0.86665
1774157130.878,0.86657
1774157131.378,0.86655
1774157131.855,0.86652
1774157132.084,0.86652
1774157132.396,0.86671
1774157132.902,0.86676
1774157133.285,0.86676
1774157133.897,0.86663
1774157134.412,0.8666
1774157134.897,0.86664
1774157135.412,0.86661
1774157135.913,0.86663
1774157136.288,0.86663
1774157136.929,0.86661
1774157137.432,0.86661
1774157137.917,0.86657
1774157138.432,0.86661
1774157138.95,0.86668
1774157139.29,0.86668
1774157139.968,0.86663
1774157140.463,0.86654
1774157140.963,0.86649
1774157141.451,0.86646
1774157141.963,0.86629
1774157142.292,0.86629
1774157142.94,0.86634
1774157143.481,0.86634
1774157143.98,0.86639
1774157144.48,0.86639
1774157144.98,0.86636
1774157145.294,0.86636
1774157145.98,0.86642
1774157146.48,0.86646
1774157146.981,0.86644
1774157147.484,0.86644
1774157147.979,0.86642
1774157148.296,0.86642
1774157148.975,0.86661
1774157149.488,0.86658
1774157150.015,0.86655
1774157150.515,0.86659
1774157151.016,0.86661
1774157151.532,0.86658
1774157152.016,0.86661
1774157152.519,0.86661
1774157153.033,0.86674
1774157153.519,0.86677
1774157154.033,0.86674
1774157154.533,0.86668
1774157155.049,0.86672
1774157155.549,0.86677
1774157156.049,0.86673
1774157156.533,0.86669
1774157157.054,0.86676
1774157157.538,0.86679
1774157158.054,0.86682
1774157158.554,0.86688
1774157159.038,0.86688
1774157159.553,0.86696
1774157160.054,0.86693
1774157161.054,0.86696
1774157161.555,0.86696
1774157162.06,0.86694
1774157162.557,0.86691
1774157163.057,0.86693
1774157163.557,0.86699
1774157164.073,0.86696
1774157164.573,0.86692
1774157165.089,0.86695
1774157165.604,0.86699
1774157166.104,0.86689
1774157166.589,0.86692
1774157167.107,0.86695
1774157167.592,0.86692
1774157168.099,0.86692
1774157168.625,0.867
1774157169.139,0.86709
1774157169.64,0.86701
1774157170.139,0.86698
1774157170.639,0.86702
1774157171.1,0.86702
1774157171.64,0.86709
1774157172.14,0.86723
1774157172.617,0.86723
1774157173.157,0.86717
1774157173.674,0.8672
1774157174.102,0.8672
1774157174.673,0.8671
1774157175.173,0.86712
1774157175.658,0.86705
1774157176.173,0.86719
1774157176.674,0.86717
1774157177.103,0.86717
1774157177.661,0.8674
1774157178.177,0.86746
1774157178.677,0.86742
1774157179.193,0.86739
1774157179.708,0.86733
1774157180.105,0.86733
1774157180.724,0.86739
1774157181.204,0.86746
1774157181.709,0.86744
1774157182.225,0.86747
1774157182.71,0.86743
1774157183.104,0.86743
1774157183.711,0.86748
1774157184.227,0.86752
1774157184.726,0.86756
1774157185.216,0.86751
1774157185.76,0.86735
1774157186.104,0.86735
1774157186.743,0.86751
1774157187.244,0.86749
1774157187.762,0.86745
1774157188.262,0.86754
1774157188.761,0.86759
1774157189.104,0.86759
1774157189.746,0.86766
1774157190.246,0.86762
1774157190.746,0.86768
1774157191.246,0.86763
1774157191.747,0.86753
1774157192.106,0.86753
1774157192.749,0.86762
1774157193.249,0.86766
1774157193.749,0.86762
1774157194.235,0.8676
1774157194.764,0.86758
1774157195.11,0.86758
1774157195.764,0.86767
1774157196.264,0.86763
1774157196.78,0.86759
1774157197.266,0.86761
1774157197.783,0.86758
1774157198.111,0.86758
1774157198.762,0.8675
1774157199.298,0.86746
1774157199.799,0.8675
1774157200.299,0.86753
1774157200.816,0.86753
1774157201.112,0.86753
1774157201.314,0.86735
1774157201.815,0.86728
1774157202.305,0.86719
1774157202.817,0.86714
1774157203.317,0.86711
1774157203.817,0.86717
1774157204.112,0.86717
1774157204.316,0.86712
1774157204.82,0.86701
1774157205.314,0.86701
1774157205.817,0.86704
1774157206.317,0.86708
1774157206.818,0.86713
1774157207.114,0.86713
1774157207.805,0.86705
1774157208.305,0.86703
1774157208.805,0.86705
1774157209.305,0.86698
1774157209.806,0.86701
1774157210.114,0.86701
1774157210.807,0.86709
1774157211.306,0.86705
1774157211.808,0.86701
1774157212.306,0.86705
1774157212.807,0.86709
1774157213.117,0.86709
1774157213.808,0.86713
1774157214.307,0.86705
1774157214.807,0.86699
1774157215.307,0.86699
1774157215.807,0.86703
1774157216.118,0.86703
1774157216.808,0.86691
1774157217.311,0.86687
1774157217.812,0.86691
1774157218.312,0.86684
1774157218.813,0.86676
1774157219.119,0.86676
1774157219.812,0.86678
1774157220.312,0.86675
1774157220.812,0.86683
1774157221.313,0.86686
1774157221.815,0.86688
1774157222.119,0.86688
1774157222.833,0.86688
1774157223.318,0.86688
1774157223.863,0.86693
1774157224.347,0.86689
1774157224.847,0.86687
1774157225.119,0.86687
1774157225.346,0.86661
1774157225.863,0.86655
1774157226.319,0.86655
1774157226.838,0.86657
1774157227.349,0.86655
1774157227.866,0.86655
1774157228.119,0.86655
1774157228.365,0.86658
1774157228.882,0.86665
1774157229.319,0.86665
1774157229.897,0.86665
1774157230.398,0.86661
1774157230.899,0.86659
1774157231.12,0.86659
1774157231.398,0.86659
1774157231.899,0.86656
1774157232.321,0.86656
1774157232.916,0.86656
1774157233.416,0.86661
1774157233.918,0.86663
1774157234.123,0.86663
1774157234.417,0.86665
1774157234.917,0.86665
1774157235.323,0.86665
1774157235.948,0.86651
1774157236.416,0.86654
1774157236.918,0.86654
1774157237.124,0.86654
1774157237.419,0.86649
1774157237.921,0.86643
1774157238.324,0.86643
1774157238.921,0.86642
1774157239.421,0.86639
1774157239.92,0.86636
1774157240.126,0.86636
1774157240.42,0.86628
1774157240.921,0.86631
1774157241.325,0.86631
1774157241.922,0.86624
1774157242.421,0.86612
1774157242.923,0.86616
1774157243.125,0.86616
1774157243.438,0.86613
1774157243.923,0.86616
1774157244.326,0.86616
1774157244.938,0.86618
1774157245.438,0.86607
1774157245.938,0.86611
1774157246.439,0.86606
1774157246.945,0.866
1774157247.328,0.866
