# Asset: AUDCHF_otc
# Updated: 2026-03-22T00:16:23.440515
# Format: timestamp,price
1774155780.0,0.62392
1774155780.0,0.62415
1774155780.0,0.62421
1774155780.0,0.62431
1774155780.0,0.62428
1774155780.0,0.62423
1774155780.0,0.62423
1774155780.0,0.6242
1774155780.0,0.62416
1774155780.0,0.62412
1774155780.0,0.62412
1774155780.0,0.62399
1774155780.0,0.62405
1774155780.0,0.62411
1774155780.0,0.62415
1774155780.0,0.62415
1774155780.0,0.62427
1774155780.0,0.62431
1774155780.0,0.62434
1774155780.0,0.62426
1774155780.0,0.62429
1774155780.0,0.62429
1774155780.0,0.62422
1774155780.0,0.62419
1774155780.0,0.62422
1774155780.0,0.62418
1774155780.0,0.62412
1774155780.0,0.62412
1774155780.0,0.62386
1774155780.0,0.62386
1774155780.0,0.62382
1774155780.0,0.62386
1774155780.0,0.62386
1774155780.0,0.62386
1774155780.0,0.6239
1774155780.0,0.62387
1774155780.0,0.62387
1774155780.0,0.62388
1774155780.0,0.62399
1774155780.0,0.62402
1774155780.0,0.62402
1774155780.0,0.62398
1774155780.0,0.62393
1774155780.0,0.62393
1774155780.0,0.62387
1774155780.0,0.62389
1774155780.0,0.62392
1774155780.0,0.62392
1774155780.0,0.62387
1774155780.0,0.62383
1774155780.0,0.62383
1774155780.0,0.62393
1774155780.0,0.62385
1774155780.0,0.62382
1774155780.0,0.62382
1774155780.0,0.62379
1774155780.0,0.62383
1774155780.0,0.62383
1774155780.0,0.62391
1774155780.0,0.62386
1774155780.0,0.62377
1774155780.0,0.62377
1774155780.0,0.62381
1774155780.0,0.62386
1774155780.0,0.62386
1774155780.0,0.62378
1774155840.0,0.62378
1774155840.0,0.62378
1774155840.0,0.62378
1774155840.0,0.62366
1774155840.0,0.62368
1774155840.0,0.62368
1774155840.0,0.62367
1774155840.0,0.6237
1774155840.0,0.62384
1774155840.0,0.62384
1774155840.0,0.62388
1774155840.0,0.62399
1774155840.0,0.62399
1774155840.0,0.62392
1774155840.0,0.62395
1774155840.0,0.62399
1774155840.0,0.62399
1774155840.0,0.62401
1774155840.0,0.62404
1774155840.0,0.62404
1774155840.0,0.624
1774155840.0,0.62404
1774155840.0,0.62415
1774155840.0,0.62415
1774155840.0,0.62428
1774155840.0,0.62428
1774155840.0,0.62428
1774155840.0,0.6243
1774155840.0,0.6243
1774155840.0,0.62416
1774155840.0,0.62416
1774155840.0,0.62416
1774155840.0,0.62403
1774155840.0,0.62403
1774155840.0,0.624
1774155840.0,0.62392
1774155840.0,0.62387
1774155840.0,0.62387
1774155840.0,0.62392
1774155840.0,0.62395
1774155840.0,0.62395
1774155840.0,0.62392
1774155840.0,0.62395
1774155840.0,0.62391
1774155840.0,0.62391
1774155840.0,0.62388
1774155840.0,0.62388
1774155840.0,0.62388
1774155840.0,0.62389
1774155840.0,0.62383
1774155840.0,0.62385
1774155840.0,0.62385
1774155840.0,0.62367
1774155840.0,0.62364
1774155840.0,0.62364
1774155840.0,0.62355
1774155840.0,0.62358
1774155840.0,0.62355
1774155840.0,0.62355
1774155840.0,0.62358
1774155840.0,0.62363
1774155840.0,0.62363
1774155840.0,0.62337
1774155840.0,0.6234
1774155840.0,0.62336
1774155840.0,0.62336
1774155840.0,0.62333
1774155840.0,0.62333
1774155840.0,0.62333
1774155840.0,0.62324
1774155840.0,0.62328
1774155840.0,0.62325
1774155840.0,0.62325
1774155840.0,0.62328
1774155840.0,0.6234
1774155840.0,0.6234
1774155840.0,0.62343
1774155840.0,0.62343
1774155840.0,0.62349
1774155840.0,0.62349
1774155840.0,0.62351
1774155840.0,0.62357
1774155840.0,0.62357
1774155840.0,0.62357
1774155840.0,0.62354
1774155840.0,0.62339
1774155840.0,0.62339
1774155840.0,0.62342
1774155840.0,0.6234
1774155840.0,0.6234
1774155840.0,0.62344
1774155840.0,0.6234
1774155840.0,0.62331
1774155840.0,0.62331
1774155840.0,0.62326
1774155840.0,0.62322
1774155840.0,0.62322
1774155840.0,0.6232
1774155840.0,0.62327
1774155840.0,0.62324
1774155840.0,0.62324
1774155840.0,0.62328
1774155840.0,0.62324
1774155840.0,0.62324
1774155840.0,0.62327
1774155840.0,0.62322
1774155840.0,0.62325
1774155840.0,0.62325
1774155840.0,0.62325
1774155840.0,0.62327
1774155840.0,0.62327
1774155840.0,0.62321
1774155840.0,0.62317
1774155840.0,0.6232
1774155840.0,0.6232
1774155840.0,0.62317
1774155840.0,0.62309
1774155840.0,0.62309
1774155840.0,0.62308
1774155840.0,0.62312
1774155840.0,0.62308
1774155840.0,0.62308
1774155840.0,0.62305
1774155840.0,0.62292
1774155840.0,0.62292
1774155840.0,0.62291
1774155840.0,0.62293
1774155840.0,0.62296
1774155840.0,0.62296
1774155840.0,0.62296
1774155840.0,0.62292
1774155840.0,0.62292
1774155840.0,0.62299
1774155840.0,0.62302
1774155840.0,0.62299
1774155840.0,0.62299
1774155840.0,0.62312
1774155840.0,0.623
1774155840.0,0.623
1774155840.0,0.62298
1774155900.0,0.62301
1774155900.0,0.62301
1774155900.0,0.62301
1774155900.0,0.62298
1774155900.0,0.62306
1774155900.0,0.62306
1774155900.0,0.62344
1774155900.0,0.6234
1774155900.0,0.62334
1774155900.0,0.62334
1774155900.0,0.62337
1774155900.0,0.62337
1774155900.0,0.62337
1774155900.0,0.62323
1774155900.0,0.6233
1774155900.0,0.62336
1774155900.0,0.62336
1774155900.0,0.62322
1774155900.0,0.62322
1774155900.0,0.62322
1774155900.0,0.62324
1774155900.0,0.62329
1774155900.0,0.62325
1774155900.0,0.62322
1774155900.0,0.62324
1774155900.0,0.62324
1774155900.0,0.62334
1774155900.0,0.62338
1774155900.0,0.62359
1774155900.0,0.62363
1774155900.0,0.62372
1774155900.0,0.62372
1774155900.0,0.62379
1774155900.0,0.62368
1774155900.0,0.62375
1774155900.0,0.62373
1774155900.0,0.62373
1774155900.0,0.62373
1774155900.0,0.62373
1774155900.0,0.62371
1774155900.0,0.62375
1774155900.0,0.62378
1774155900.0,0.62383
1774155900.0,0.62383
1774155900.0,0.62372
1774155900.0,0.62369
1774155900.0,0.62371
1774155900.0,0.62368
1774155900.0,0.62373
1774155900.0,0.62373
1774155900.0,0.62379
1774155900.0,0.62382
1774155900.0,0.62379
1774155900.0,0.62382
1774155900.0,0.62386
1774155900.0,0.62386
1774155900.0,0.62387
1774155900.0,0.62391
1774155900.0,0.62394
1774155900.0,0.62394
1774155900.0,0.62394
1774155900.0,0.62394
1774155900.0,0.62394
1774155900.0,0.62398
1774155900.0,0.624
1774155900.0,0.62395
1774155900.0,0.62395
1774155900.0,0.62395
1774155900.0,0.6239
1774155900.0,0.6238
1774155900.0,0.62382
1774155900.0,0.62379
1774155900.0,0.62382
1774155900.0,0.62382
1774155900.0,0.62387
1774155900.0,0.62382
1774155900.0,0.62382
1774155900.0,0.62374
1774155900.0,0.62371
1774155900.0,0.62371
1774155900.0,0.62379
1774155900.0,0.62379
1774155900.0,0.62371
1774155900.0,0.62375
1774155900.0,0.62375
1774155900.0,0.62375
1774155900.0,0.62378
1774155900.0,0.62378
1774155900.0,0.62382
1774155900.0,0.62384
1774155900.0,0.62392
1774155900.0,0.62392
1774155900.0,0.62378
1774155900.0,0.62378
1774155900.0,0.62381
1774155900.0,0.62384
1774155900.0,0.62373
1774155900.0,0.62373
1774155900.0,0.62376
1774155900.0,0.62379
1774155900.0,0.62379
1774155900.0,0.62371
1774155900.0,0.62375
1774155900.0,0.62372
1774155900.0,0.62372
1774155900.0,0.62376
1774155900.0,0.62373
1774155900.0,0.62373
1774155900.0,0.62369
1774155900.0,0.62373
1774155900.0,0.62377
1774155900.0,0.62377
1774155900.0,0.62384
1774155900.0,0.62387
1774155900.0,0.62387
1774155900.0,0.6239
1774155900.0,0.62381
1774155900.0,0.62397
1774155900.0,0.62397
1774155900.0,0.62425
1774155900.0,0.62423
1774155900.0,0.62423
1774155900.0,0.62429
1774155900.0,0.62436
1774155900.0,0.62431
1774155900.0,0.62431
1774155900.0,0.62425
1774155900.0,0.62425
1774155960.0,0.62425
1774155960.0,0.62413
1774155960.0,0.62413
1774155960.0,0.62411
1774155960.0,0.62411
1774155960.0,0.62406
1774155960.0,0.62412
1774155960.0,0.62412
1774155960.0,0.62422
1774155960.0,0.62418
1774155960.0,0.62415
1774155960.0,0.62415
1774155960.0,0.62418
1774155960.0,0.62413
1774155960.0,0.62413
1774155960.0,0.62415
1774155960.0,0.62415
1774155960.0,0.62419
1774155960.0,0.62419
1774155960.0,0.62415
1774155960.0,0.62418
1774155960.0,0.62418
1774155960.0,0.6241
1774155960.0,0.62417
1774155960.0,0.62391
1774155960.0,0.62375
1774155960.0,0.62372
1774155960.0,0.62369
1774155960.0,0.62365
1774155960.0,0.62368
1774155960.0,0.62364
1774155960.0,0.62364
1774155960.0,0.62367
1774155960.0,0.6237
1774155960.0,0.62366
1774155960.0,0.6237
1774155960.0,0.6237
1774155960.0,0.62365
1774155960.0,0.62359
1774155960.0,0.62354
1774155960.0,0.62358
1774155960.0,0.62365
1774155960.0,0.62362
1774155960.0,0.62366
1774155960.0,0.6237
1774155960.0,0.62374
1774155960.0,0.62377
1774155960.0,0.62382
1774155960.0,0.62387
1774155960.0,0.6239
1774155960.0,0.62393
1774155960.0,0.6239
1774155960.0,0.62385
1774155960.0,0.624
1774155960.0,0.62406
1774155960.0,0.62403
1774155960.0,0.624
1774155960.0,0.62405
1774155960.0,0.6241
1774155960.0,0.62401
1774155960.0,0.62406
1774155960.0,0.6241
1774155960.0,0.62413
1774155960.0,0.62415
1774155960.0,0.62418
1774155960.0,0.62423
1774155960.0,0.62435
1774155960.0,0.62428
1774155960.0,0.62421
1774155960.0,0.62424
1774155960.0,0.62424
1774155960.0,0.62424
1774155960.0,0.62427
1774155960.0,0.62429
1774155960.0,0.62425
1774155960.0,0.62419
1774155960.0,0.62417
1774155960.0,0.62411
1774155960.0,0.62405
1774155960.0,0.62398
1774155960.0,0.62406
1774155960.0,0.6241
1774155960.0,0.6241
1774155960.0,0.62406
1774155960.0,0.62409
1774155960.0,0.62415
1774155960.0,0.62412
1774155960.0,0.62405
1774155960.0,0.62408
1774155960.0,0.62408
1774155960.0,0.62406
1774155960.0,0.62403
1774155960.0,0.62415
1774155960.0,0.62418
1774155960.0,0.62412
1774155960.0,0.62415
1774155960.0,0.62418
1774155960.0,0.62415
1774155960.0,0.62408
1774155960.0,0.62411
1774155960.0,0.62407
1774155960.0,0.62407
1774155960.0,0.62403
1774155960.0,0.62408
1774155960.0,0.62413
1774155960.0,0.62404
1774155960.0,0.62399
1774155960.0,0.62394
1774155960.0,0.62401
1774155960.0,0.62397
1774155960.0,0.62402
1774155960.0,0.62405
1774155960.0,0.62396
1774155960.0,0.62392
1774155960.0,0.62389
1774155960.0,0.62393
1774155960.0,0.6239
1774155960.0,0.62392
1774155960.0,0.62395
1774155960.0,0.62398
1774155960.0,0.62394
1774155960.0,0.62405
1774155960.0,0.62408
1774156020.0,0.62403
1774156020.0,0.62392
1774156020.0,0.62399
1774156020.0,0.62402
1774156020.0,0.62409
1774156020.0,0.62406
1774156020.0,0.62412
1774156020.0,0.62417
1774156020.0,0.62412
1774156020.0,0.62382
1774156020.0,0.62386
1774156020.0,0.6238
1774156020.0,0.62375
1774156020.0,0.6237
1774156020.0,0.6237
1774156020.0,0.62372
1774156020.0,0.62369
1774156020.0,0.62375
1774156020.0,0.62365
1774156020.0,0.62362
1774156020.0,0.62362
1774156020.0,0.62377
1774156020.0,0.6238
1774156020.0,0.62377
1774156020.0,0.62372
1774156020.0,0.62368
1774156020.0,0.62368
1774156020.0,0.62357
1774156020.0,0.62352
1774156020.0,0.62349
1774156020.0,0.62352
1774156020.0,0.62352
1774156020.0,0.62352
1774156020.0,0.62351
1774156020.0,0.62348
1774156020.0,0.62351
1774156020.0,0.62341
1774156020.0,0.62338
1774156020.0,0.62338
1774156020.0,0.62347
1774156020.0,0.62341
1774156020.0,0.62337
1774156020.0,0.6234
1774156020.0,0.62343
1774156020.0,0.62343
1774156020.0,0.62345
1774156020.0,0.62341
1774156020.0,0.62332
1774156020.0,0.62332
1774156020.0,0.62328
1774156020.0,0.62328
1774156020.0,0.62325
1774156020.0,0.62331
1774156020.0,0.62331
1774156020.0,0.62337
1774156020.0,0.62337
1774156020.0,0.62337
1774156020.0,0.62333
1774156020.0,0.62338
1774156020.0,0.62347
1774156020.0,0.62354
1774156020.0,0.62359
1774156020.0,0.62359
1774156020.0,0.62346
1774156020.0,0.62353
1774156020.0,0.62358
1774156020.0,0.62354
1774156020.0,0.62364
1774156020.0,0.62364
1774156020.0,0.6237
1774156020.0,0.62374
1774156020.0,0.62371
1774156020.0,0.62365
1774156020.0,0.62369
1774156020.0,0.62369
1774156020.0,0.62363
1774156020.0,0.6236
1774156020.0,0.62357
1774156020.0,0.62357
1774156020.0,0.62345
1774156020.0,0.62345
1774156020.0,0.62336
1774156020.0,0.62317
1774156020.0,0.62321
1774156020.0,0.62324
1774156020.0,0.62324
1774156020.0,0.62324
1774156020.0,0.62352
1774156020.0,0.62345
1774156020.0,0.62339
1774156020.0,0.62344
1774156020.0,0.62337
1774156020.0,0.62337
1774156020.0,0.62327
1774156020.0,0.62331
1774156020.0,0.62327
1774156020.0,0.6233
1774156020.0,0.62334
1774156020.0,0.62334
1774156020.0,0.62336
1774156020.0,0.62341
1774156020.0,0.62337
1774156020.0,0.62348
1774156020.0,0.62351
1774156020.0,0.62351
1774156020.0,0.62349
1774156020.0,0.62352
1774156020.0,0.62348
1774156020.0,0.62325
1774156020.0,0.62319
1774156020.0,0.62319
1774156020.0,0.62326
1774156020.0,0.62329
1774156020.0,0.62341
1774156020.0,0.62337
1774156020.0,0.6234
1774156020.0,0.6234
1774156020.0,0.62338
1774156020.0,0.62341
1774156020.0,0.62337
1774156080.0,0.62337
1774156080.0,0.6235
1774156080.0,0.6235
1774156080.0,0.62368
1774156080.0,0.62365
1774156080.0,0.62373
1774156080.0,0.62367
1774156080.0,0.62376
1774156080.0,0.62376
1774156080.0,0.62362
1774156080.0,0.62367
1774156080.0,0.62364
1774156080.0,0.62361
1774156080.0,0.62352
1774156080.0,0.62352
1774156080.0,0.62353
1774156080.0,0.62356
1774156080.0,0.62361
1774156080.0,0.62357
1774156080.0,0.62344
1774156080.0,0.62344
1774156080.0,0.62345
1774156080.0,0.62337
1774156080.0,0.62334
1774156080.0,0.62327
1774156080.0,0.62327
1774156080.0,0.62327
1774156080.0,0.62339
1774156080.0,0.62336
1774156080.0,0.6233
1774156080.0,0.62327
1774156080.0,0.62324
1774156080.0,0.62324
1774156080.0,0.62321
1774156080.0,0.62318
1774156080.0,0.62321
1774156080.0,0.62324
1774156080.0,0.62321
1774156080.0,0.62321
1774156080.0,0.62326
1774156080.0,0.62324
1774156080.0,0.62328
1774156080.0,0.62325
1774156080.0,0.62328
1774156080.0,0.62328
1774156080.0,0.62337
1774156080.0,0.62331
1774156080.0,0.62331
1774156080.0,0.62337
1774156080.0,0.62334
1774156080.0,0.62334
1774156080.0,0.62336
1774156080.0,0.62339
1774156080.0,0.62329
1774156080.0,0.62326
1774156080.0,0.62323
1774156080.0,0.62323
1774156080.0,0.62325
1774156080.0,0.62322
1774156080.0,0.62318
1774156080.0,0.62313
1774156080.0,0.62311
1774156080.0,0.62311
1774156080.0,0.62311
1774156080.0,0.62324
1774156080.0,0.62318
1774156080.0,0.62318
1774156080.0,0.6234
1774156080.0,0.6234
1774156080.0,0.62335
1774156080.0,0.62328
1774156080.0,0.62321
1774156080.0,0.62325
1774156080.0,0.62322
1774156080.0,0.62322
1774156080.0,0.62319
1774156080.0,0.62316
1774156080.0,0.62313
1774156080.0,0.6231
1774156080.0,0.62307
1774156080.0,0.62307
1774156080.0,0.62311
1774156080.0,0.62306
1774156080.0,0.62303
1774156080.0,0.62296
1774156080.0,0.62296
1774156080.0,0.62296
1774156080.0,0.62301
1774156080.0,0.62297
1774156080.0,0.62294
1774156080.0,0.62297
1774156080.0,0.62302
1774156080.0,0.62302
1774156080.0,0.62325
1774156080.0,0.62329
1774156080.0,0.62329
1774156080.0,0.62326
1774156080.0,0.62331
1774156080.0,0.62331
1774156080.0,0.62326
1774156080.0,0.6233
1774156080.0,0.62327
1774156080.0,0.62337
1774156080.0,0.62341
1774156080.0,0.62341
1774156080.0,0.62341
1774156080.0,0.62352
1774156080.0,0.62356
1774156080.0,0.6236
1774156080.0,0.62357
1774156080.0,0.62357
1774156080.0,0.62359
1774156080.0,0.62359
1774156080.0,0.62359
1774156080.0,0.62366
1774156080.0,0.62364
1774156080.0,0.62364
1774156080.0,0.62375
1774156080.0,0.62377
1774156080.0,0.62379
1774156140.0,0.62375
1774156140.0,0.62381
1774156140.0,0.62381
1774156140.0,0.62387
1774156140.0,0.62382
1774156140.0,0.62384
1774156140.0,0.62402
1774156140.0,0.62398
1774156140.0,0.62398
1774156140.0,0.62417
1774156140.0,0.62414
1774156140.0,0.62417
1774156140.0,0.62421
1774156140.0,0.62415
1774156140.0,0.62415
1774156140.0,0.62405
1774156140.0,0.62408
1774156140.0,0.62408
1774156140.0,0.624
1774156140.0,0.62395
1774156140.0,0.62395
1774156140.0,0.62393
1774156140.0,0.62396
1774156140.0,0.624
1774156140.0,0.62404
1774156140.0,0.624
1774156140.0,0.624
1774156140.0,0.62392
1774156140.0,0.62409
1774156140.0,0.62403
1774156140.0,0.62409
1774156140.0,0.62402
1774156140.0,0.62402
1774156140.0,0.624
1774156140.0,0.62397
1774156140.0,0.62404
1774156140.0,0.62407
1774156140.0,0.6241
1774156140.0,0.6241
1774156140.0,0.62406
1774156140.0,0.62409
1774156140.0,0.62417
1774156140.0,0.6242
1774156140.0,0.6242
1774156140.0,0.6242
1774156140.0,0.62413
1774156140.0,0.6241
1774156140.0,0.6241
1774156140.0,0.62406
1774156140.0,0.62399
1774156140.0,0.62399
1774156140.0,0.62392
1774156140.0,0.62397
1774156140.0,0.62397
1774156140.0,0.62391
1774156140.0,0.62395
1774156140.0,0.62395
1774156140.0,0.62403
1774156140.0,0.62413
1774156140.0,0.62411
1774156140.0,0.62418
1774156140.0,0.62415
1774156140.0,0.62415
1774156140.0,0.62425
1774156140.0,0.62428
1774156140.0,0.62421
1774156140.0,0.62415
1774156140.0,0.62411
1774156140.0,0.62411
1774156140.0,0.62413
1774156140.0,0.62409
1774156140.0,0.62409
1774156140.0,0.62414
1774156140.0,0.62411
1774156140.0,0.62411
1774156140.0,0.62414
1774156140.0,0.62402
1774156140.0,0.62402
1774156140.0,0.62402
1774156140.0,0.62406
1774156140.0,0.62402
1774156140.0,0.62402
1774156140.0,0.62393
1774156140.0,0.62383
1774156140.0,0.62383
1774156140.0,0.62377
1774156140.0,0.6238
1774156140.0,0.62377
1774156140.0,0.62377
1774156140.0,0.62368
1774156140.0,0.62368
1774156140.0,0.62368
1774156140.0,0.6237
1774156140.0,0.62368
1774156140.0,0.62356
1774156140.0,0.62356
1774156140.0,0.62356
1774156140.0,0.62351
1774156140.0,0.62351
1774156140.0,0.62349
1774156140.0,0.62336
1774156140.0,0.62338
1774156140.0,0.62338
1774156140.0,0.62354
1774156140.0,0.62358
1774156140.0,0.62358
1774156140.0,0.6235
1774156140.0,0.62353
1774156140.0,0.62353
1774156140.0,0.6235
1774156140.0,0.62353
1774156140.0,0.62353
1774156140.0,0.62358
1774156140.0,0.62362
1774156140.0,0.62362
1774156140.0,0.62371
1774156140.0,0.62367
1774156140.0,0.62367
1774156140.0,0.62361
1774156140.0,0.62361
1774156140.0,0.62361
1774156140.0,0.62358
1774156140.0,0.62354
1774156140.0,0.62354
1774156140.0,0.62342
1774156200.0,0.6234
1774156200.0,0.6234
1774156200.0,0.62344
1774156200.0,0.62342
1774156200.0,0.62342
1774156200.0,0.62369
1774156200.0,0.62362
1774156200.0,0.62357
1774156200.0,0.62357
1774156200.0,0.62361
1774156200.0,0.62361
1774156200.0,0.62364
1774156200.0,0.62367
1774156200.0,0.62364
1774156200.0,0.62361
1774156200.0,0.62365
1774156200.0,0.62379
1774156200.0,0.62382
1774156200.0,0.62376
1774156200.0,0.62388
1774156200.0,0.62384
1774156200.0,0.62387
1774156200.0,0.62391
1774156200.0,0.62395
1774156200.0,0.62389
1774156200.0,0.62389
1774156200.0,0.62389
1774156200.0,0.62395
1774156200.0,0.6239
1774156200.0,0.62393
1774156200.0,0.62383
1774156200.0,0.62386
1774156200.0,0.62389
1774156200.0,0.62393
1774156200.0,0.62386
1774156200.0,0.6238
1774156200.0,0.62376
1774156200.0,0.62373
1774156200.0,0.62376
1774156200.0,0.62382
1774156200.0,0.62382
1774156200.0,0.62389
1774156200.0,0.62393
1774156200.0,0.62393
1774156200.0,0.62379
1774156200.0,0.62369
1774156200.0,0.62376
1774156200.0,0.62397
1774156200.0,0.62399
1774156200.0,0.62387
1774156200.0,0.6239
1774156200.0,0.62396
1774156200.0,0.62396
1774156200.0,0.62401
1774156200.0,0.62398
1774156200.0,0.6238
1774156200.0,0.6238
1774156200.0,0.62376
1774156200.0,0.62383
1774156200.0,0.62386
1774156200.0,0.62376
1774156200.0,0.62381
1774156200.0,0.62381
1774156200.0,0.62379
1774156200.0,0.62377
1774156200.0,0.62383
1774156200.0,0.62403
1774156200.0,0.62403
1774156200.0,0.62428
1774156200.0,0.62432
1774156200.0,0.62436
1774156200.0,0.62445
1774156200.0,0.6244
1774156200.0,0.62432
1774156200.0,0.62436
1774156200.0,0.62431
1774156200.0,0.62437
1774156200.0,0.62426
1774156200.0,0.62417
1774156200.0,0.62426
1774156200.0,0.6244
1774156200.0,0.62448
1774156200.0,0.62454
1774156200.0,0.62461
1774156200.0,0.62458
1774156200.0,0.62453
1774156200.0,0.62458
1774156200.0,0.62439
1774156200.0,0.62436
1774156200.0,0.62431
1774156200.0,0.62429
1774156200.0,0.62438
1774156200.0,0.62436
1774156200.0,0.62439
1774156200.0,0.62434
1774156200.0,0.62431
1774156200.0,0.62436
1774156200.0,0.62436
1774156200.0,0.62433
1774156200.0,0.62426
1774156200.0,0.62432
1774156200.0,0.62429
1774156200.0,0.62415
1774156200.0,0.62415
1774156200.0,0.6241
1774156200.0,0.62407
1774156200.0,0.62404
1774156200.0,0.62402
1774156200.0,0.62392
1774156200.0,0.62394
1774156200.0,0.62399
1774156200.0,0.62402
1774156200.0,0.62405
1774156200.0,0.62402
1774156200.0,0.62399
1774156200.0,0.62397
1774156200.0,0.62407
1774156200.0,0.6241
1774156200.0,0.62416
1774156260.0,0.62432
1774156260.0,0.62424
1774156260.0,0.62434
1774156260.0,0.62437
1774156260.0,0.62441
1774156260.0,0.62438
1774156260.0,0.62449
1774156260.0,0.62452
1774156260.0,0.62454
1774156260.0,0.62448
1774156260.0,0.62454
1774156260.0,0.62451
1774156260.0,0.62457
1774156260.0,0.62453
1774156260.0,0.62449
1774156260.0,0.62453
1774156260.0,0.62453
1774156260.0,0.6245
1774156260.0,0.6245
1774156260.0,0.62445
1774156260.0,0.62442
1774156260.0,0.62439
1774156260.0,0.62441
1774156260.0,0.6243
1774156260.0,0.62409
1774156260.0,0.62406
1774156260.0,0.62406
1774156260.0,0.62396
1774156260.0,0.62402
1774156260.0,0.62387
1774156260.0,0.62383
1774156260.0,0.62376
1774156260.0,0.62383
1774156260.0,0.62379
1774156260.0,0.62374
1774156260.0,0.6237
1774156260.0,0.62367
1774156260.0,0.62371
1774156260.0,0.62366
1774156260.0,0.62368
1774156260.0,0.62365
1774156260.0,0.62332
1774156260.0,0.62335
1774156260.0,0.62339
1774156260.0,0.62343
1774156260.0,0.62341
1774156260.0,0.62316
1774156260.0,0.6232
1774156260.0,0.62323
1774156260.0,0.62325
1774156260.0,0.62327
1774156260.0,0.62324
1774156260.0,0.6233
1774156260.0,0.62336
1774156260.0,0.62329
1774156260.0,0.62324
1774156260.0,0.62331
1774156260.0,0.62331
1774156260.0,0.62337
1774156260.0,0.62328
1774156260.0,0.62336
1774156260.0,0.62333
1774156260.0,0.6233
1774156260.0,0.62335
1774156260.0,0.62303
1774156260.0,0.62306
1774156260.0,0.62309
1774156260.0,0.62305
1774156260.0,0.62308
1774156260.0,0.62316
1774156260.0,0.62318
1774156260.0,0.6231
1774156260.0,0.62316
1774156260.0,0.62316
1774156260.0,0.62312
1774156260.0,0.62312
1774156260.0,0.62316
1774156260.0,0.62316
1774156260.0,0.62321
1774156260.0,0.62324
1774156260.0,0.62326
1774156260.0,0.62332
1774156260.0,0.62323
1774156260.0,0.62327
1774156260.0,0.62322
1774156260.0,0.62322
1774156260.0,0.62329
1774156260.0,0.62332
1774156260.0,0.62327
1774156260.0,0.6233
1774156260.0,0.62325
1774156260.0,0.6233
1774156260.0,0.62327
1774156260.0,0.62322
1774156260.0,0.62325
1774156260.0,0.62328
1774156260.0,0.62331
1774156260.0,0.62334
1774156260.0,0.62337
1774156260.0,0.62341
1774156260.0,0.62343
1774156260.0,0.62347
1774156260.0,0.62328
1774156260.0,0.62325
1774156260.0,0.62322
1774156260.0,0.62329
1774156260.0,0.62336
1774156260.0,0.62333
1774156260.0,0.6234
1774156260.0,0.62337
1774156260.0,0.62342
1774156260.0,0.62336
1774156260.0,0.62332
1774156260.0,0.62325
1774156260.0,0.62325
1774156260.0,0.62325
1774156260.0,0.62321
1774156260.0,0.62321
1774156260.0,0.62338
1774156260.0,0.6233
1774156320.0,0.6232
1774156320.0,0.62324
1774156320.0,0.62324
1774156320.0,0.62321
1774156320.0,0.62324
1774156320.0,0.62321
1774156320.0,0.62316
1774156320.0,0.62341
1774156320.0,0.62335
1774156320.0,0.62331
1774156320.0,0.62335
1774156320.0,0.62339
1774156320.0,0.62343
1774156320.0,0.6234
1774156320.0,0.62336
1774156320.0,0.62338
1774156320.0,0.62336
1774156320.0,0.62338
1774156320.0,0.62345
1774156320.0,0.62351
1774156320.0,0.62369
1774156320.0,0.62365
1774156320.0,0.62362
1774156320.0,0.62357
1774156320.0,0.6236
1774156320.0,0.62363
1774156320.0,0.62366
1774156320.0,0.62362
1774156320.0,0.62365
1774156320.0,0.62367
1774156320.0,0.62367
1774156320.0,0.62356
1774156320.0,0.62361
1774156320.0,0.62364
1774156320.0,0.62356
1774156320.0,0.62358
1774156320.0,0.62358
1774156320.0,0.62342
1774156320.0,0.62339
1774156320.0,0.62331
1774156320.0,0.62339
1774156320.0,0.62348
1774156320.0,0.62348
1774156320.0,0.62347
1774156320.0,0.6234
1774156320.0,0.62349
1774156320.0,0.62344
1774156320.0,0.62341
1774156320.0,0.62341
1774156320.0,0.62342
1774156320.0,0.62337
1774156320.0,0.62334
1774156320.0,0.62331
1774156320.0,0.62334
1774156320.0,0.62334
1774156320.0,0.62335
1774156320.0,0.6234
1774156320.0,0.62334
1774156320.0,0.62338
1774156320.0,0.62342
1774156320.0,0.62342
1774156320.0,0.62352
1774156320.0,0.62352
1774156320.0,0.62344
1774156320.0,0.62349
1774156320.0,0.62345
1774156320.0,0.62345
1774156320.0,0.62343
1774156320.0,0.62336
1774156320.0,0.62332
1774156320.0,0.62337
1774156320.0,0.62342
1774156320.0,0.62342
1774156320.0,0.62325
1774156320.0,0.62325
1774156320.0,0.62325
1774156320.0,0.62322
1774156320.0,0.62329
1774156320.0,0.62329
1774156320.0,0.62332
1774156320.0,0.62328
1774156320.0,0.6232
1774156320.0,0.62316
1774156320.0,0.62327
1774156320.0,0.62327
1774156320.0,0.62323
1774156320.0,0.6232
1774156320.0,0.62323
1774156320.0,0.62319
1774156320.0,0.62316
1774156320.0,0.62316
1774156320.0,0.62321
1774156320.0,0.62323
1774156320.0,0.62326
1774156320.0,0.62323
1774156320.0,0.6232
1774156320.0,0.6232
1774156320.0,0.62314
1774156320.0,0.62318
1774156320.0,0.62311
1774156320.0,0.62303
1774156320.0,0.62298
1774156320.0,0.62298
1774156320.0,0.62299
1774156320.0,0.62309
1774156320.0,0.62312
1774156320.0,0.62316
1774156320.0,0.62313
1774156320.0,0.62313
1774156320.0,0.62306
1774156320.0,0.62315
1774156320.0,0.62315
1774156320.0,0.62309
1774156320.0,0.62309
1774156320.0,0.62315
1774156320.0,0.62315
1774156320.0,0.62315
1774156320.0,0.62308
1774156320.0,0.62308
1774156320.0,0.62319
1774156320.0,0.62317
1774156320.0,0.6232
1774156380.0,0.6232
1774156380.0,0.62318
1774156380.0,0.6232
1774156380.0,0.6232
1774156380.0,0.62316
1774156380.0,0.62316
1774156380.0,0.62311
1774156380.0,0.62311
1774156380.0,0.62315
1774156380.0,0.62312
1774156380.0,0.62312
1774156380.0,0.62321
1774156380.0,0.62329
1774156380.0,0.62321
1774156380.0,0.62321
1774156380.0,0.62324
1774156380.0,0.62327
1774156380.0,0.62327
1774156380.0,0.62314
1774156380.0,0.6231
1774156380.0,0.62314
1774156380.0,0.62314
1774156380.0,0.62343
1774156380.0,0.62347
1774156380.0,0.62347
1774156380.0,0.62348
1774156380.0,0.62345
1774156380.0,0.62349
1774156380.0,0.62349
1774156380.0,0.62352
1774156380.0,0.62356
1774156380.0,0.62356
1774156380.0,0.62353
1774156380.0,0.62348
1774156380.0,0.62344
1774156380.0,0.62324
1774156380.0,0.62324
1774156380.0,0.62324
1774156380.0,0.62313
1774156380.0,0.62313
1774156380.0,0.62313
1774156380.0,0.62307
1774156380.0,0.62295
1774156380.0,0.62295
1774156380.0,0.62298
1774156380.0,0.62301
1774156380.0,0.62298
1774156380.0,0.62298
1774156380.0,0.62294
1774156380.0,0.62294
1774156380.0,0.62296
1774156380.0,0.62291
1774156380.0,0.62284
1774156380.0,0.62286
1774156380.0,0.62288
1774156380.0,0.62288
1774156380.0,0.62276
1774156380.0,0.62273
1774156380.0,0.62267
1774156380.0,0.6226
1774156380.0,0.62255
1774156380.0,0.62255
1774156380.0,0.62225
1774156380.0,0.62222
1774156380.0,0.62228
1774156380.0,0.62234
1774156380.0,0.62234
1774156380.0,0.62234
1774156380.0,0.62237
1774156380.0,0.62239
1774156380.0,0.62237
1774156380.0,0.62237
1774156380.0,0.62241
1774156380.0,0.62241
1774156380.0,0.62236
1774156380.0,0.62226
1774156380.0,0.62226
1774156380.0,0.6223
1774156380.0,0.62234
1774156380.0,0.62246
1774156380.0,0.62246
1774156380.0,0.62246
1774156380.0,0.62242
1774156380.0,0.62242
1774156380.0,0.62278
1774156380.0,0.62272
1774156380.0,0.62268
1774156380.0,0.62268
1774156380.0,0.62264
1774156380.0,0.62262
1774156380.0,0.62262
1774156380.0,0.62253
1774156380.0,0.6225
1774156380.0,0.62246
1774156380.0,0.62246
1774156380.0,0.62242
1774156380.0,0.62242
1774156380.0,0.62242
1774156380.0,0.62249
1774156380.0,0.62253
1774156380.0,0.62266
1774156380.0,0.62266
1774156380.0,0.62253
1774156380.0,0.6226
1774156380.0,0.6226
1774156380.0,0.62266
1774156380.0,0.62271
1774156380.0,0.62275
1774156380.0,0.62275
1774156380.0,0.62268
1774156380.0,0.62268
1774156380.0,0.62268
1774156380.0,0.62266
1774156380.0,0.62269
1774156380.0,0.62269
1774156380.0,0.62269
1774156380.0,0.6226
1774156380.0,0.62263
1774156380.0,0.62263
1774156380.0,0.62256
1774156380.0,0.6226
1774156380.0,0.62263
1774156380.0,0.62263
1774156380.0,0.6226
1774156380.0,0.62252
1774156380.0,0.62252
1774156380.0,0.62258
1774156380.0,0.62258
1774156380.0,0.62271
1774156380.0,0.62271
1774156380.0,0.62274
1774156380.0,0.62267
1774156380.0,0.62267
1774156380.0,0.62264
1774156440.0,0.62269
1774156440.0,0.62259
1774156440.0,0.62259
1774156440.0,0.62255
1774156440.0,0.62249
1774156440.0,0.62249
1774156440.0,0.6225
1774156440.0,0.62246
1774156440.0,0.62237
1774156440.0,0.62237
1774156440.0,0.62241
1774156440.0,0.62233
1774156440.0,0.62233
1774156440.0,0.62233
1774156440.0,0.62238
1774156440.0,0.62242
1774156440.0,0.62242
1774156440.0,0.62239
1774156440.0,0.62239
1774156440.0,0.62239
1774156440.0,0.62235
1774156440.0,0.62238
1774156440.0,0.62243
1774156440.0,0.62243
1774156440.0,0.62246
1774156440.0,0.62246
1774156440.0,0.62246
1774156440.0,0.62248
1774156440.0,0.62252
1774156440.0,0.62248
1774156440.0,0.62248
1774156440.0,0.62244
1774156440.0,0.62244
1774156440.0,0.62244
1774156440.0,0.62252
1774156440.0,0.62249
1774156440.0,0.62232
1774156440.0,0.62232
1774156440.0,0.62235
1774156440.0,0.62229
1774156440.0,0.62229
1774156440.0,0.62231
1774156440.0,0.62229
1774156440.0,0.62225
1774156440.0,0.62225
1774156440.0,0.62228
1774156440.0,0.62236
1774156440.0,0.62236
1774156440.0,0.62238
1774156440.0,0.62236
1774156440.0,0.62232
1774156440.0,0.62232
1774156440.0,0.62236
1774156440.0,0.62231
1774156440.0,0.62231
1774156440.0,0.62246
1774156440.0,0.62242
1774156440.0,0.62238
1774156440.0,0.62225
1774156440.0,0.62225
1774156440.0,0.62222
1774156440.0,0.62219
1774156440.0,0.62226
1774156440.0,0.6222
1774156440.0,0.62224
1774156440.0,0.62222
1774156440.0,0.62225
1774156440.0,0.62225
1774156440.0,0.62234
1774156440.0,0.62227
1774156440.0,0.62233
1774156440.0,0.62236
1774156440.0,0.62229
1774156440.0,0.62229
1774156440.0,0.62224
1774156440.0,0.62227
1774156440.0,0.62224
1774156440.0,0.62228
1774156440.0,0.62235
1774156440.0,0.62235
1774156440.0,0.62232
1774156440.0,0.62229
1774156440.0,0.62232
1774156440.0,0.62239
1774156440.0,0.62237
1774156440.0,0.62237
1774156440.0,0.62231
1774156440.0,0.62228
1774156440.0,0.62223
1774156440.0,0.62223
1774156440.0,0.62216
1774156440.0,0.62216
1774156440.0,0.62217
1774156440.0,0.62223
1774156440.0,0.62227
1774156440.0,0.62231
1774156440.0,0.62227
1774156440.0,0.62227
1774156440.0,0.62239
1774156440.0,0.62239
1774156440.0,0.62243
1774156440.0,0.62243
1774156440.0,0.62245
1774156440.0,0.62245
1774156440.0,0.62244
1774156440.0,0.62244
1774156440.0,0.6225
1774156440.0,0.62252
1774156440.0,0.6225
1774156440.0,0.6225
1774156440.0,0.62241
1774156440.0,0.62247
1774156440.0,0.62238
1774156440.0,0.62246
1774156440.0,0.62242
1774156440.0,0.62242
1774156440.0,0.62243
1774156440.0,0.6225
1774156440.0,0.62247
1774156440.0,0.6223
1774156440.0,0.6223
1774156440.0,0.6223
1774156440.0,0.62227
1774156440.0,0.6223
1774156440.0,0.62226
1774156440.0,0.6223
1774156440.0,0.62236
1774156500.0,0.62236
1774156500.0,0.62237
1774156500.0,0.62234
1774156500.0,0.62226
1774156500.0,0.62223
1774156500.0,0.62206
1774156500.0,0.62206
1774156500.0,0.62202
1774156500.0,0.62197
1774156500.0,0.62199
1774156500.0,0.62202
1774156500.0,0.62199
1774156500.0,0.62199
1774156500.0,0.62217
1774156500.0,0.62217
1774156500.0,0.62221
1774156500.0,0.62227
1774156500.0,0.62232
1774156500.0,0.62232
1774156500.0,0.62238
1774156500.0,0.62241
1774156500.0,0.62244
1774156500.0,0.62247
1774156500.0,0.62257
1774156500.0,0.62257
1774156500.0,0.62271
1774156500.0,0.62268
1774156500.0,0.62289
1774156500.0,0.62293
1774156500.0,0.62297
1774156500.0,0.62297
1774156500.0,0.62307
1774156500.0,0.62307
1774156500.0,0.62303
1774156500.0,0.62299
1774156500.0,0.62293
1774156500.0,0.62293
1774156500.0,0.6229
1774156500.0,0.62293
1774156500.0,0.62269
1774156500.0,0.62267
1774156500.0,0.62272
1774156500.0,0.62272
1774156500.0,0.62276
1774156500.0,0.62271
1774156500.0,0.62303
1774156500.0,0.62306
1774156500.0,0.62302
1774156500.0,0.62302
1774156500.0,0.62289
1774156500.0,0.62286
1774156500.0,0.62281
1774156500.0,0.62277
1774156500.0,0.62277
1774156500.0,0.62277
1774156500.0,0.62268
1774156500.0,0.62264
1774156500.0,0.62261
1774156500.0,0.62257
1774156500.0,0.62253
1774156500.0,0.62253
1774156500.0,0.6225
1774156500.0,0.62245
1774156500.0,0.62245
1774156500.0,0.62234
1774156500.0,0.62231
1774156500.0,0.62229
1774156500.0,0.62229
1774156500.0,0.62232
1774156500.0,0.62226
1774156500.0,0.62226
1774156500.0,0.62232
1774156500.0,0.62232
1774156500.0,0.62227
1774156500.0,0.62227
1774156500.0,0.62233
1774156500.0,0.62229
1774156500.0,0.62229
1774156500.0,0.62226
1774156500.0,0.62221
1774156500.0,0.62224
1774156500.0,0.62224
1774156500.0,0.62229
1774156500.0,0.62233
1774156500.0,0.62233
1774156500.0,0.62228
1774156500.0,0.62243
1774156500.0,0.62237
1774156500.0,0.62237
1774156500.0,0.62241
1774156500.0,0.62238
1774156500.0,0.62238
1774156500.0,0.62231
1774156500.0,0.62235
1774156500.0,0.62238
1774156500.0,0.62238
1774156500.0,0.62229
1774156500.0,0.62234
1774156500.0,0.62234
1774156500.0,0.6224
1774156500.0,0.62243
1774156500.0,0.62238
1774156500.0,0.62238
1774156500.0,0.62235
1774156500.0,0.62231
1774156500.0,0.62231
1774156500.0,0.62229
1774156500.0,0.62242
1774156500.0,0.62252
1774156500.0,0.62252
1774156500.0,0.62256
1774156500.0,0.62243
1774156500.0,0.62243
1774156500.0,0.6224
1774156500.0,0.62245
1774156500.0,0.62245
1774156500.0,0.62245
1774156500.0,0.6225
1774156500.0,0.62254
1774156500.0,0.62254
1774156500.0,0.62255
1774156500.0,0.62255
1774156500.0,0.62255
1774156500.0,0.62255
1774156500.0,0.62246
1774156500.0,0.62236
1774156500.0,0.62236
1774156500.0,0.62244
1774156500.0,0.62239
1774156500.0,0.62236
1774156560.0,0.62236
1774156560.0,0.62239
1774156560.0,0.62239
1774156560.0,0.62239
1774156560.0,0.62238
1774156560.0,0.62233
1774156560.0,0.62233
1774156560.0,0.62233
1774156560.0,0.62245
1774156560.0,0.62251
1774156560.0,0.62251
1774156560.0,0.62248
1774156560.0,0.62244
1774156560.0,0.6224
1774156560.0,0.6224
1774156560.0,0.62234
1774156560.0,0.62231
1774156560.0,0.62231
1774156560.0,0.62234
1774156560.0,0.62239
1774156560.0,0.62236
1774156560.0,0.62236
1774156560.0,0.62233
1774156560.0,0.6223
1774156560.0,0.6223
1774156560.0,0.62219
1774156560.0,0.62223
1774156560.0,0.62225
1774156560.0,0.62225
1774156560.0,0.62229
1774156560.0,0.62229
1774156560.0,0.62229
1774156560.0,0.62236
1774156560.0,0.62239
1774156560.0,0.62235
1774156560.0,0.62235
1774156560.0,0.62237
1774156560.0,0.62237
1774156560.0,0.62237
1774156560.0,0.62237
1774156560.0,0.62237
1774156560.0,0.62237
1774156560.0,0.62237
1774156560.0,0.62241
1774156560.0,0.62245
1774156560.0,0.62245
1774156560.0,0.62242
1774156560.0,0.6224
1774156560.0,0.62226
1774156560.0,0.62226
1774156560.0,0.6222
1774156560.0,0.62223
1774156560.0,0.62223
1774156560.0,0.62229
1774156583.391,0.62229
1774156583.876,0.62235
1774156584.093,0.62235
1774156584.392,0.62238
1774156584.891,0.62235
1774156585.292,0.62235
1774156585.891,0.62225
1774156586.392,0.62222
1774156586.893,0.62218
1774156587.093,0.62218
1774156587.395,0.62221
1774156587.894,0.62225
1774156588.293,0.62225
1774156588.895,0.62234
1774156589.396,0.62236
1774156589.895,0.62236
1774156590.095,0.62236
1774156590.395,0.62233
1774156590.895,0.62245
1774156591.295,0.62245
1774156591.895,0.62248
1774156592.397,0.62243
1774156592.897,0.62247
1774156593.397,0.62242
1774156593.882,0.62247
1774156594.296,0.62247
1774156594.898,0.62232
1774156595.398,0.62236
1774156595.897,0.62239
1774156596.399,0.62237
1774156596.898,0.62243
1774156597.296,0.62243
1774156597.932,0.62243
1774156598.401,0.62238
1774156598.885,0.62233
1774156599.097,0.62233
1774156599.385,0.62236
1774156599.882,0.62251
1774156600.299,0.62251
1774156600.916,0.62247
1774156601.417,0.62255
1774156601.918,0.62261
1774156602.419,0.62264
1774156602.918,0.62273
1774156603.3,0.62273
1774156603.936,0.62274
1774156604.434,0.62277
1774156604.935,0.62272
1774156605.434,0.62254
1774156605.935,0.62257
1774156606.3,0.62257
1774156606.951,0.62266
1774156607.453,0.62263
1774156607.969,0.62255
1774156608.469,0.62255
1774156609.002,0.62253
1774156609.46,0.62257
1774156609.984,0.6225
1774156610.485,0.62247
1774156610.984,0.62245
1774156611.485,0.62252
1774156611.985,0.62255
1774156612.3,0.62255
1774156613.003,0.62255
1774156613.503,0.6227
1774156614.002,0.62279
1774156614.502,0.62279
1774156614.995,0.62277
1774156615.302,0.62277
1774156615.533,0.62277
1774156616.029,0.62286
1774156616.551,0.62286
1774156617.053,0.62289
1774156617.554,0.62292
1774156618.071,0.62289
1774156618.57,0.62293
1774156619.086,0.62288
1774156619.585,0.62292
1774156620.087,0.62298
1774156620.586,0.62295
1774156621.103,0.62298
1774156621.603,0.62295
1774156622.104,0.62302
1774156622.606,0.62307
1774156623.102,0.62307
1774156623.604,0.62305
1774156624.105,0.62309
1774156624.604,0.62306
1774156625.104,0.62301
1774156625.604,0.62293
1774156626.103,0.62293
1774156626.605,0.62274
1774156627.092,0.62277
1774156627.593,0.62282
1774156628.108,0.62284
1774156628.608,0.62267
1774156629.103,0.62267
1774156629.593,0.6227
1774156630.108,0.62268
1774156630.608,0.62264
1774156631.087,0.62269
1774156631.609,0.62272
1774156632.103,0.62272
1774156632.611,0.62275
1774156633.126,0.62259
1774156633.611,0.62261
1774156634.111,0.62265
1774156634.626,0.62268
1774156635.104,0.62268
1774156635.626,0.62263
1774156636.127,0.62267
1774156636.627,0.62267
1774156637.114,0.6227
1774156637.615,0.62276
1774156638.107,0.62276
1774156638.63,0.62279
1774156639.13,0.62274
1774156639.63,0.62269
1774156640.146,0.62256
1774156640.647,0.62253
1774156641.107,0.62253
1774156641.634,0.62254
1774156642.147,0.62266
1774156642.663,0.62269
1774156643.163,0.6226
1774156643.648,0.62257
1774156644.108,0.62257
1774156644.648,0.62258
1774156645.147,0.62265
1774156645.663,0.62261
1774156646.145,0.62251
1774156646.681,0.62248
1774156647.109,0.62248
1774156647.668,0.62232
1774156648.183,0.62229
1774156648.698,0.62225
1774156649.199,0.62221
1774156649.714,0.6219
1774156650.109,0.6219
1774156650.699,0.6219
1774156651.215,0.62186
1774156651.699,0.62186
1774156652.22,0.62195
1774156652.701,0.62191
1774156653.109,0.62191
1774156653.7,0.62202
1774156654.198,0.62199
1774156654.716,0.62206
1774156655.232,0.62212
1774156655.717,0.62214
1774156656.109,0.62214
1774156656.733,0.62226
1774156657.238,0.62233
1774156657.736,0.62245
1774156658.251,0.62248
1774156658.736,0.62253
1774156659.111,0.62253
1774156659.735,0.62259
1774156660.215,0.62255
1774156660.736,0.62255
1774156661.252,0.62251
1774156661.752,0.62248
1774156662.112,0.62248
1774156662.754,0.62249
1774156663.269,0.62241
1774156663.769,0.62238
1774156664.285,0.62242
1774156664.77,0.62245
1774156665.112,0.62245
1774156665.785,0.62237
1774156666.287,0.62232
1774156666.801,0.62214
1774156667.288,0.62209
1774156667.804,0.62212
1774156668.113,0.62212
1774156668.804,0.62202
1774156669.305,0.62199
1774156669.797,0.62214
1774156670.336,0.62225
1774156670.836,0.62218
1774156671.115,0.62218
1774156671.322,0.62218
1774156671.821,0.62223
1774156672.315,0.62223
1774156672.853,0.62247
1774156673.353,0.62239
1774156673.855,0.62228
1774156674.117,0.62228
1774156674.348,0.62224
1774156674.869,0.6222
1774156675.317,0.6222
1774156675.885,0.62215
1774156676.404,0.6222
1774156676.887,0.62224
1774156677.117,0.62224
1774156677.39,0.62221
1774156677.87,0.62217
1774156678.318,0.62217
1774156678.906,0.62219
1774156679.406,0.62216
1774156679.906,0.62216
1774156680.118,0.62216
1774156680.445,0.62205
1774156680.942,0.62205
1774156681.318,0.62205
1774156681.942,0.62214
1774156682.409,0.62212
1774156682.925,0.62212
1774156683.424,0.62216
1774156683.909,0.62216
1774156684.317,0.62216
1774156684.924,0.62224
1774156685.424,0.62228
1774156685.925,0.62223
1774156686.425,0.62228
1774156686.925,0.62235
1774156687.318,0.62235
1774156687.914,0.62234
1774156688.413,0.62238
1774156688.913,0.62235
1774156689.119,0.62235
1774156689.428,0.6223
1774156689.929,0.62225
1774156690.319,0.62225
1774156690.928,0.62234
1774156691.429,0.62225
1774156691.936,0.62228
1774156692.431,0.62224
1774156692.947,0.62224
1774156693.319,0.62224
1774156693.915,0.62226
1774156694.415,0.62223
1774156694.931,0.6222
1774156695.431,0.6222
1774156695.931,0.62217
1774156696.319,0.62217
1774156696.916,0.62215
1774156697.436,0.62221
1774156697.935,0.62224
1774156698.451,0.62218
1774156698.951,0.62218
1774156699.32,0.62218
1774156699.927,0.62225
1774156700.47,0.62222
1774156700.966,0.62231
1774156701.47,0.62224
1774156701.961,0.62229
1774156702.322,0.62229
1774156702.985,0.6223
1774156703.487,0.6222
1774156703.969,0.6222
1774156704.487,0.62226
1774156704.985,0.62223
1774156705.325,0.62223
1774156705.987,0.6222
1774156706.488,0.62217
1774156706.97,0.62213
1774156707.458,0.62208
1774156708.004,0.62218
1774156708.472,0.62222
1774156708.957,0.62222
1774156709.457,0.6222
1774156709.957,0.6222
1774156710.472,0.62228
1774156710.973,0.62228
1774156711.327,0.62228
1774156711.973,0.6223
1774156712.458,0.62226
1774156712.991,0.62258
1774156713.491,0.62255
1774156713.991,0.62266
1774156714.33,0.62266
1774156715.006,0.62276
1774156715.507,0.6228
1774156716.022,0.62275
1774156716.524,0.62278
1774156717.001,0.62281
1774156717.527,0.62284
1774156718.026,0.62281
1774156718.526,0.62285
1774156719.046,0.62288
1774156719.544,0.62295
1774156720.057,0.62302
1774156720.558,0.62304
1774156721.061,0.62309
1774156721.558,0.62301
1774156722.061,0.62296
1774156722.563,0.62294
1774156723.06,0.62294
1774156723.56,0.62294
1774156724.066,0.62297
1774156724.56,0.62294
1774156725.06,0.62291
1774156725.575,0.62287
1774156726.078,0.62284
1774156726.579,0.62284
1774156727.081,0.6228
1774156727.583,0.62278
1774156728.082,0.62282
1774156728.582,0.62287
1774156729.084,0.6229
1774156729.588,0.62294
1774156730.081,0.62294
1774156730.584,0.62298
1774156731.085,0.623
1774156731.584,0.62292
1774156732.085,0.62292
1774156732.584,0.62289
1774156733.086,0.62293
1774156733.586,0.62289
1774156734.086,0.62292
1774156734.584,0.62292
1774156735.087,0.62299
1774156735.586,0.62302
1774156736.099,0.62297
1774156736.603,0.62305
1774156737.102,0.62296
1774156737.603,0.62299
1774156738.103,0.62294
1774156738.603,0.62306
1774156739.103,0.62299
1774156739.603,0.62299
1774156740.104,0.62311
1774156740.605,0.62316
1774156741.106,0.62311
1774156741.608,0.62308
1774156742.106,0.62303
1774156742.609,0.62309
1774156743.11,0.62312
1774156743.609,0.62306
1774156744.109,0.62301
1774156744.608,0.62301
1774156745.11,0.62298
1774156745.609,0.62302
1774156746.111,0.62307
1774156746.61,0.62299
1774156747.111,0.62304
1774156747.614,0.623
1774156748.114,0.62296
1774156748.613,0.62294
1774156749.114,0.62279
1774156749.613,0.62276
1774156750.114,0.62287
1774156750.614,0.62278
1774156751.115,0.62275
1774156751.614,0.62266
1774156752.115,0.62266
1774156752.613,0.62273
1774156753.114,0.62271
1774156753.614,0.62268
1774156754.113,0.62273
1774156754.614,0.62277
1774156755.112,0.62277
1774156755.613,0.62268
1774156756.114,0.62263
1774156756.614,0.62263
1774156757.115,0.62266
1774156757.617,0.6227
1774156758.118,0.62274
1774156758.616,0.6228
1774156759.116,0.62276
1774156759.616,0.62276
1774156760.117,0.62282
1774156760.616,0.62286
1774156761.117,0.62281
1774156761.617,0.62277
1774156762.122,0.62277
1774156762.618,0.62272
1774156763.118,0.62276
1774156763.618,0.62272
1774156764.123,0.62268
1774156764.619,0.62262
1774156765.12,0.62262
1774156765.619,0.62265
1774156766.12,0.62284
1774156766.619,0.62289
1774156767.121,0.62291
1774156767.627,0.62287
1774156768.123,0.62287
1774156768.623,0.62296
1774156769.123,0.62293
1774156769.623,0.62279
1774156770.123,0.62282
1774156770.627,0.62277
1774156771.128,0.62269
1774156771.624,0.62266
1774156772.124,0.62277
1774156772.626,0.62273
1774156773.127,0.62264
1774156773.625,0.62267
1774156774.126,0.62262
1774156774.625,0.62266
1774156775.126,0.62262
1774156775.627,0.62265
1774156776.128,0.62272
1774156776.626,0.62272
1774156777.128,0.62268
1774156777.629,0.62266
1774156778.129,0.62272
1774156778.629,0.62277
1774156779.134,0.62267
1774156779.63,0.62267
1774156780.13,0.62263
1774156780.63,0.62263
1774156781.131,0.6226
1774156781.63,0.62256
1774156782.131,0.62252
1774156782.635,0.62249
1774156783.132,0.62251
1774156783.632,0.62248
1774156784.132,0.62245
1774156784.633,0.62242
1774156785.138,0.62244
1774156785.632,0.62239
1774156786.133,0.62248
1774156786.633,0.62245
1774156787.134,0.62239
1774156787.639,0.62242
1774156788.135,0.62237
1774156788.636,0.62239
1774156789.136,0.62237
1774156789.639,0.62235
1774156790.137,0.62242
1774156790.636,0.62237
1774156791.137,0.62239
1774156791.638,0.62241
1774156792.137,0.62254
1774156792.639,0.62257
1774156793.138,0.62261
1774156793.639,0.62261
1774156794.138,0.62264
1774156794.639,0.62264
1774156795.139,0.62267
1774156795.638,0.62264
1774156796.139,0.62261
1774156796.641,0.62264
1774156797.142,0.62267
1774156797.642,0.62271
1774156798.143,0.62271
1774156798.642,0.62268
1774156799.143,0.62272
1774156799.643,0.62272
1774156800.143,0.62265
1774156800.645,0.62282
1774156801.146,0.6228
1774156801.645,0.62282
1774156802.145,0.62289
1774156802.646,0.62293
1774156803.146,0.62288
1774156803.662,0.62294
1774156804.14,0.6229
1774156804.662,0.6229
1774156805.162,0.6229
1774156805.662,0.62293
1774156806.161,0.62293
1774156806.663,0.62295
1774156807.164,0.62295
1774156807.665,0.62293
1774156808.165,0.62298
1774156808.65,0.62304
1774156809.162,0.62304
1774156809.681,0.62311
1774156810.181,0.62315
1774156810.681,0.6231
1774156811.182,0.62301
1774156811.686,0.62289
1774156812.163,0.62289
1774156812.699,0.62292
1774156813.199,0.62292
1774156813.699,0.62279
1774156814.199,0.62282
1774156814.699,0.62277
1774156815.165,0.62277
1774156815.698,0.62281
1774156816.199,0.62279
1774156816.699,0.62277
1774156817.202,0.62249
1774156817.702,0.62245
1774156818.165,0.62245
1774156818.702,0.62245
1774156819.202,0.6224
1774156819.703,0.62232
1774156820.203,0.62237
1774156820.702,0.62235
1774156821.165,0.62235
1774156821.703,0.62241
1774156822.204,0.62241
1774156822.706,0.62245
1774156823.205,0.62242
1774156823.706,0.62242
1774156824.167,0.62242
1774156824.706,0.62249
1774156825.205,0.62262
1774156825.705,0.62267
1774156826.206,0.6227
1774156826.707,0.62276
1774156827.169,0.62276
1774156827.709,0.62272
1774156828.209,0.62269
1774156828.709,0.62273
1774156829.209,0.62271
1774156829.709,0.62274
1774156830.17,0.62274
1774156830.709,0.6227
1774156831.215,0.62266
1774156831.711,0.62266
1774156832.211,0.62258
1774156832.713,0.62226
1774156833.173,0.62226
1774156833.713,0.62223
1774156834.211,0.62227
1774156834.712,0.62221
1774156835.211,0.62226
1774156835.712,0.62236
1774156836.174,0.62236
1774156836.712,0.62234
1774156837.215,0.6223
1774156837.715,0.62227
1774156838.215,0.62231
1774156838.716,0.62234
1774156839.174,0.62234
1774156839.715,0.62234
1774156840.215,0.62238
1774156840.715,0.62243
1774156841.217,0.62247
1774156841.717,0.62234
1774156842.175,0.62234
1774156842.718,0.62229
1774156843.218,0.62223
1774156843.719,0.62226
1774156844.218,0.62229
1774156844.718,0.62229
1774156845.176,0.62229
1774156845.718,0.62223
1774156846.222,0.62227
1774156846.719,0.62224
1774156847.221,0.62231
1774156847.722,0.62234
1774156848.176,0.62234
1774156848.722,0.62227
1774156849.222,0.62219
1774156849.722,0.62219
1774156850.222,0.62208
1774156850.722,0.62212
1774156851.177,0.62212
1774156851.723,0.6221
1774156852.224,0.62207
1774156852.725,0.62212
1774156853.224,0.62221
1774156853.724,0.62218
1774156854.179,0.62218
1774156854.726,0.62219
1774156855.225,0.62221
1774156855.725,0.62226
1774156856.225,0.62221
1774156856.727,0.62226
1774156857.178,0.62226
1774156857.729,0.62237
1774156858.229,0.62248
1774156858.73,0.62242
1774156859.229,0.62244
1774156859.729,0.62247
1774156860.181,0.62247
1774156860.729,0.62244
1774156861.23,0.62241
1774156861.73,0.62248
1774156862.232,0.62231
1774156862.732,0.62233
1774156863.182,0.62233
1774156863.748,0.62236
1774156864.248,0.62239
1774156864.748,0.62226
1774156865.247,0.62232
1774156865.748,0.62222
1774156866.183,0.62222
1774156866.748,0.62214
1774156867.251,0.6221
1774156867.767,0.62203
1774156868.252,0.62206
1774156868.752,0.62212
1774156869.185,0.62212
1774156869.752,0.62193
1774156870.251,0.62191
1774156870.751,0.62193
1774156871.252,0.62197
1774156871.753,0.62194
1774156872.186,0.62194
1774156872.755,0.62188
1774156873.269,0.62186
1774156873.756,0.62178
1774156874.254,0.62184
1774156874.756,0.62184
1774156875.186,0.62184
1774156875.754,0.6218
1774156876.255,0.62186
1774156876.755,0.62189
1774156877.256,0.62192
1774156877.758,0.62184
1774156878.186,0.62184
1774156878.757,0.6219
1774156879.258,0.62187
1774156879.804,0.62191
1774156880.257,0.62191
1774156880.772,0.62194
1774156881.189,0.62194
1774156881.758,0.62192
1774156882.258,0.62192
1774156882.759,0.62186
1774156883.259,0.62178
1774156883.759,0.62175
1774156884.189,0.62175
1774156884.76,0.62172
1774156885.259,0.62176
1774156885.76,0.62179
1774156886.259,0.62179
1774156886.761,0.62176
1774156887.19,0.62176
1774156887.764,0.62176
1774156888.264,0.6218
1774156888.763,0.62176
1774156889.263,0.62173
1774156889.763,0.62183
1774156890.191,0.62183
1774156890.763,0.62184
1774156891.264,0.62181
1774156891.765,0.6217
1774156892.271,0.62161
1774156892.766,0.6214
1774156893.193,0.6214
1774156893.766,0.62145
1774156894.266,0.62136
1774156894.769,0.62142
1774156895.268,0.62137
1774156895.766,0.62147
1774156896.196,0.62147
1774156896.769,0.62138
1774156897.271,0.62141
1774156897.773,0.62129
1774156898.273,0.62133
1774156898.773,0.6213
1774156899.197,0.6213
1774156899.773,0.62124
1774156900.269,0.62127
1774156900.772,0.62131
1774156901.0,0.62131
1774156901.274,0.62124
1774156901.773,0.62121
1774156902.2,0.62121
1774156902.781,0.62132
1774156903.272,0.62137
1774156903.775,0.62127
1774156904.0,0.62127
1774156904.288,0.62124
1774156904.79,0.62115
1774156905.202,0.62115
1774156905.787,0.62125
1774156906.289,0.62125
1774156906.788,0.6213
1774156907.003,0.6213
1774156907.292,0.62127
1774156907.794,0.62129
1774156908.204,0.62129
1774156908.791,0.62138
1774156909.291,0.62143
1774156909.791,0.6214
1774156910.004,0.6214
1774156910.292,0.62142
1774156910.791,0.62133
1774156911.204,0.62133
1774156911.795,0.62141
1774156912.294,0.62144
1774156912.793,0.62148
1774156913.005,0.62148
1774156913.294,0.62151
1774156913.793,0.62148
1774156914.206,0.62148
1774156914.794,0.62134
1774156915.294,0.62128
1774156915.794,0.62123
1774156916.007,0.62123
1774156916.294,0.62123
1774156916.796,0.62136
1774156917.206,0.62136
1774156917.798,0.621
1774156918.299,0.62104
1774156918.799,0.62109
1774156919.008,0.62109
1774156919.298,0.62106
1774156919.799,0.62106
1774156920.208,0.62106
1774156920.798,0.62106
1774156921.299,0.62096
1774156921.801,0.621
1774156922.009,0.621
1774156922.301,0.62107
1774156922.801,0.6211
1774156923.21,0.6211
1774156923.801,0.62107
1774156924.301,0.62101
1774156924.801,0.62096
1774156925.01,0.62096
1774156925.305,0.62093
1774156925.801,0.62099
1774156926.21,0.62099
1774156926.803,0.62089
1774156927.305,0.62085
1774156927.805,0.62094
1774156928.009,0.62094
1774156928.306,0.62097
1774156928.805,0.62108
1774156929.209,0.62108
1774156929.805,0.62099
1774156930.306,0.62091
1774156930.805,0.62094
1774156931.011,0.62094
1774156931.306,0.62079
1774156931.807,0.62084
1774156932.212,0.62084
1774156932.809,0.62088
1774156933.309,0.62091
1774156933.796,0.62095
1774156934.012,0.62095
1774156934.309,0.62093
1774156934.809,0.62093
1774156935.212,0.62093
1774156935.809,0.62086
1774156936.31,0.62086
1774156936.81,0.62083
1774156937.013,0.62083
1774156937.317,0.62083
1774156937.818,0.62078
1774156938.212,0.62078
1774156938.813,0.6208
1774156939.313,0.62084
1774156939.844,0.62084
1774156940.313,0.6208
1774156940.813,0.62084
1774156941.214,0.62084
1774156941.819,0.62084
1774156942.315,0.62086
1774156942.803,0.62082
1774156943.019,0.62082
1774156943.31,0.62079
1774156943.815,0.62079
1774156944.219,0.62079
1774156944.816,0.62072
1774156945.331,0.62076
1774156945.816,0.62073
1774156946.018,0.62073
1774156946.331,0.62065
1774156946.832,0.62062
1774156947.219,0.62062
1774156947.835,0.62054
1774156948.335,0.62057
1774156948.835,0.62057
1774156949.335,0.62049
1774156949.834,0.62052
1774156950.221,0.62052
1774156950.835,0.62048
1774156951.336,0.62044
1774156951.837,0.62044
1774156952.337,0.62055
1774156952.837,0.62051
1774156953.221,0.62051
1774156953.822,0.62059
1774156954.338,0.62062
1774156954.838,0.62062
1774156955.337,0.62067
1774156955.837,0.62072
1774156956.223,0.62072
1774156956.837,0.6207
1774156957.342,0.62065
1774156957.84,0.62062
1774156958.341,0.62059
1774156958.841,0.62053
1774156959.224,0.62053
1774156959.842,0.62042
1774156960.341,0.62053
1774156960.845,0.62057
1774156961.346,0.62061
1774156961.841,0.62055
1774156962.226,0.62055
1774156962.845,0.62045
1774156963.343,0.6205
1774156963.83,0.62046
1774156964.344,0.62051
1774156964.843,0.62054
1774156965.228,0.62054
1774156965.844,0.62055
1774156966.343,0.62055
1774156966.844,0.62058
1774156967.348,0.62051
1774156967.848,0.62056
1774156968.231,0.62056
1774156968.847,0.62054
1774156969.348,0.62057
1774156969.851,0.62052
1774156970.348,0.62049
1774156970.851,0.62053
1774156971.231,0.62053
1774156971.85,0.62047
1774156972.351,0.62041
1774156972.851,0.62046
1774156973.351,0.62042
1774156973.838,0.62046
1774156974.233,0.62046
1774156974.851,0.62036
1774156975.351,0.62047
1774156975.851,0.62043
1774156976.352,0.62046
1774156976.853,0.62038
1774156977.233,0.62038
1774156977.856,0.62039
1774156978.357,0.62039
1774156978.857,0.62041
1774156979.356,0.62035
1774156979.856,0.6204
1774156980.234,0.6204
1774156980.856,0.62022
1774156981.357,0.62025
1774156981.862,0.6203
1774156982.363,0.62033
1774156982.862,0.62027
1774156983.235,0.62027
1774156983.846,0.62027
1774156984.359,0.6203
1774156984.858,0.6203
1774156985.359,0.62037
1774156985.859,0.62037
1774156986.236,0.62037
1774156986.891,0.6204
1774156987.363,0.62034
1774156987.863,0.6203
1774156988.363,0.62025
1774156988.862,0.62017
1774156989.237,0.62017
1774156989.863,0.62017
1774156990.379,0.62015
1774156990.864,0.62022
1774156991.364,0.62028
1774156991.865,0.62031
1774156992.237,0.62031
1774156992.867,0.62019
1774156993.367,0.62013
1774156993.866,0.6201
1774156994.374,0.62017
1774156994.866,0.62021
1774156995.241,0.62021
1774156995.867,0.62014
1774156996.37,0.62007
1774156996.867,0.62014
1774156997.37,0.62022
1774156997.872,0.62027
1774156998.241,0.62027
1774156998.87,0.6203
1774156999.37,0.62026
1774156999.87,0.62029
1774157000.386,0.62033
1774157000.901,0.62043
1774157001.242,0.62043
1774157001.886,0.62036
1774157002.388,0.62029
1774157002.889,0.62059
1774157003.388,0.62059
1774157003.872,0.62062
1774157004.244,0.62062
1774157004.888,0.62055
1774157005.388,0.62051
1774157005.889,0.62055
1774157006.403,0.62052
1774157006.905,0.62056
1774157007.245,0.62056
1774157007.908,0.62061
1774157008.408,0.62067
1774157008.923,0.62071
1774157009.439,0.62077
1774157009.939,0.62081
1774157010.246,0.62081
1774157010.454,0.62085
1774157010.954,0.62087
1774157011.447,0.62087
1774157011.955,0.62079
1774157012.462,0.62075
1774157012.973,0.62072
1774157013.248,0.62072
1774157013.472,0.62086
1774157013.972,0.62077
1774157014.448,0.62077
1774157015.004,0.62076
1774157015.504,0.62072
1774157016.019,0.62079
1774157016.504,0.62083
1774157017.006,0.62078
1774157017.508,0.62078
1774157018.008,0.62081
1774157018.524,0.62081
1774157019.039,0.62086
1774157019.539,0.62083
1774157020.055,0.62083
1774157020.555,0.62088
1774157021.052,0.62088
1774157021.555,0.62089
1774157022.062,0.62086
1774157022.557,0.6207
1774157023.073,0.62073
1774157023.589,0.62069
1774157024.054,0.62069
1774157024.589,0.6206
1774157025.089,0.62058
1774157025.59,0.62049
1774157026.089,0.62052
1774157026.589,0.62052
1774157027.054,0.62052
1774157027.609,0.62063
1774157028.093,0.6206
1774157028.608,0.62063
1774157029.108,0.62066
1774157029.608,0.62073
1774157030.055,0.62073
1774157030.608,0.62077
1774157031.108,0.62077
1774157031.608,0.62073
1774157032.109,0.62079
1774157032.612,0.62081
1774157033.055,0.62081
1774157033.611,0.62082
1774157034.111,0.62079
1774157034.619,0.62075
1774157035.111,0.6208
1774157035.611,0.6208
1774157036.057,0.6208
1774157036.611,0.62079
1774157037.114,0.62076
1774157037.615,0.62071
1774157038.116,0.62077
1774157038.649,0.62071
1774157039.058,0.62071
1774157039.647,0.62075
1774157040.152,0.62069
1774157040.664,0.62079
1774157041.163,0.62081
1774157041.664,0.62085
1774157042.058,0.62085
1774157042.666,0.62094
1774157043.119,0.62092
1774157043.619,0.62089
1774157044.12,0.62099
1774157044.619,0.62093
1774157045.06,0.62093
1774157045.619,0.62095
1774157046.119,0.621
1774157046.619,0.62097
1774157047.122,0.62094
1774157047.607,0.62098
1774157048.062,0.62098
1774157048.608,0.62095
1774157049.107,0.62089
1774157049.607,0.62086
1774157050.107,0.62086
1774157050.623,0.62086
1774157051.063,0.62086
1774157051.608,0.62079
1774157052.109,0.62075
1774157052.61,0.62075
1774157053.111,0.62072
1774157053.612,0.62075
1774157054.064,0.62075
1774157054.625,0.62068
1774157055.141,0.62049
1774157055.626,0.62049
1774157056.141,0.62044
1774157056.632,0.62052
1774157057.065,0.62052
1774157057.644,0.62063
1774157058.144,0.62063
1774157058.644,0.62074
1774157059.144,0.62069
1774157059.661,0.62069
1774157060.066,0.62069
1774157060.661,0.62067
1774157061.16,0.62072
1774157061.661,0.6208
1774157062.176,0.62083
1774157062.678,0.62083
1774157063.066,0.62083
1774157063.678,0.62102
1774157064.195,0.62107
1774157064.709,0.62099
1774157065.209,0.62092
1774157065.709,0.62108
1774157066.066,0.62108
1774157066.726,0.62104
1774157067.228,0.62107
1774157067.729,0.62103
1774157068.229,0.62107
1774157068.73,0.62099
1774157069.066,0.62099
1774157069.729,0.6211
1774157070.229,0.62115
1774157070.729,0.62104
1774157071.229,0.62098
1774157071.715,0.62113
1774157072.067,0.62113
1774157072.715,0.62112
1774157073.219,0.6211
1774157073.716,0.62107
1774157074.217,0.6211
1774157074.715,0.62113
1774157075.066,0.62113
1774157075.715,0.62114
1774157076.215,0.62117
1774157076.718,0.62122
1774157077.218,0.62119
1774157077.719,0.62116
1774157078.067,0.62116
1774157078.736,0.62122
1774157079.235,0.62138
1774157079.735,0.62146
1774157080.235,0.62141
1774157080.736,0.62131
1774157081.069,0.62131
1774157081.752,0.62117
1774157082.267,0.62127
1774157082.753,0.62121
1774157083.254,0.62125
1774157083.754,0.62119
1774157084.069,0.62119
1774157084.269,0.62119
1774157084.769,0.62119
1774157085.269,0.62119
1774157085.785,0.62116
1774157086.285,0.62108
1774157086.785,0.62103
1774157087.07,0.62103
1774157087.271,0.62116
1774157087.773,0.62112
1774157088.27,0.62112
1774157088.789,0.62116
1774157089.289,0.62112
1774157089.789,0.62117
1774157090.07,0.62117
1774157090.289,0.62124
1774157090.789,0.62124
1774157091.271,0.62124
1774157091.79,0.62126
1774157092.322,0.62126
1774157092.807,0.6213
1774157093.07,0.6213
1774157093.308,0.62127
1774157093.793,0.62143
1774157094.271,0.62143
1774157094.807,0.62141
1774157095.322,0.62137
1774157095.822,0.62141
1774157096.072,0.62141
1774157096.324,0.62144
1774157096.824,0.62144
1774157097.273,0.62144
1774157097.828,0.62133
1774157098.328,0.62138
1774157098.827,0.62144
1774157099.073,0.62144
1774157099.328,0.62147
1774157099.827,0.62143
1774157100.273,0.62143
1774157100.827,0.62149
1774157101.328,0.62145
1774157101.83,0.62134
1774157102.073,0.62134
1774157102.329,0.6213
1774157102.831,0.62133
1774157103.274,0.62133
1774157103.831,0.62147
1774157104.331,0.62144
1774157104.831,0.6217
1774157105.074,0.6217
1774157105.331,0.6217
1774157105.831,0.62166
1774157106.273,0.62166
1774157106.847,0.62171
1774157107.334,0.62174
1774157107.835,0.62183
1774157108.073,0.62183
1774157108.335,0.62186
1774157108.835,0.62188
1774157109.274,0.62188
1774157109.835,0.6219
1774157110.335,0.62186
1774157110.835,0.62189
1774157111.075,0.62189
1774157111.335,0.62182
1774157111.836,0.62174
1774157112.275,0.62174
1774157112.837,0.62175
1774157113.338,0.62185
1774157113.822,0.62193
1774157114.077,0.62193
1774157114.337,0.62198
1774157114.822,0.62191
1774157115.277,0.62191
1774157115.837,0.62186
1774157116.339,0.6218
1774157116.838,0.62176
1774157117.076,0.62176
1774157117.34,0.62182
1774157117.841,0.62188
1774157118.277,0.62188
1774157118.843,0.6218
1774157119.342,0.62184
1774157119.841,0.62201
1774157120.077,0.62201
1774157120.341,0.62199
1774157120.857,0.62219
1774157121.278,0.62219
1774157121.858,0.62215
1774157122.39,0.62227
1774157122.859,0.62238
1774157123.079,0.62238
1774157123.359,0.62232
1774157123.843,0.62227
1774157124.279,0.62227
1774157124.859,0.62218
1774157125.36,0.62218
1774157125.875,0.62222
1774157126.081,0.62222
1774157126.377,0.62217
1774157126.876,0.62238
1774157127.282,0.62238
1774157127.879,0.62247
1774157128.379,0.62244
1774157128.879,0.62239
1774157129.082,0.62239
1774157129.379,0.62232
1774157129.879,0.62232
1774157130.284,0.62232
1774157130.879,0.62223
1774157131.379,0.62223
1774157131.859,0.62218
1774157132.084,0.62218
1774157132.397,0.62222
1774157132.902,0.62228
1774157133.285,0.62228
1774157133.897,0.6222
1774157134.413,0.62224
1774157134.897,0.62221
1774157135.413,0.62212
1774157135.914,0.6222
1774157136.288,0.6222
1774157136.93,0.6222
1774157137.433,0.62227
1774157137.918,0.62219
1774157138.433,0.62219
1774157138.951,0.62214
1774157139.29,0.62214
1774157139.968,0.62204
1774157140.464,0.62209
1774157140.964,0.62198
1774157141.452,0.62198
1774157141.964,0.62192
1774157142.292,0.62192
1774157142.944,0.62189
1774157143.482,0.62194
1774157143.981,0.62179
1774157144.48,0.62172
1774157144.981,0.62174
1774157145.294,0.62174
1774157145.981,0.62142
1774157146.48,0.62136
1774157146.981,0.62134
1774157147.484,0.62141
1774157147.984,0.62136
1774157148.296,0.62136
1774157148.979,0.62135
1774157149.493,0.62137
1774157150.016,0.62133
1774157150.516,0.62136
1774157151.017,0.62141
1774157151.533,0.62135
1774157152.017,0.62129
1774157152.519,0.62131
1774157153.034,0.62139
1774157153.519,0.62143
1774157154.034,0.62147
1774157154.534,0.62144
1774157155.049,0.62137
1774157155.549,0.62133
1774157156.049,0.62128
1774157156.534,0.62128
1774157157.055,0.62133
1774157157.539,0.62121
1774157158.054,0.62128
1774157158.554,0.62125
1774157159.039,0.62132
1774157159.554,0.62128
1774157160.054,0.62123
1774157160.555,0.62117
1774157161.054,0.62119
1774157161.555,0.62114
1774157162.061,0.62119
1774157162.558,0.62116
1774157163.058,0.62116
1774157163.558,0.62126
1774157164.073,0.62114
1774157164.573,0.6212
1774157165.09,0.62111
1774157165.604,0.62118
1774157166.105,0.62115
1774157166.589,0.62124
1774157167.107,0.62121
1774157167.593,0.62118
1774157168.099,0.62118
1774157168.625,0.62124
1774157169.141,0.6213
1774157169.641,0.62134
1774157170.14,0.6213
1774157170.64,0.62134
1774157171.1,0.62134
1774157171.641,0.62136
1774157172.141,0.62128
1774157172.621,0.62134
1774157173.158,0.62123
1774157173.675,0.62125
1774157174.102,0.62125
1774157174.673,0.62123
1774157175.173,0.6212
1774157175.659,0.62117
1774157176.174,0.62097
1774157176.674,0.621
1774157177.103,0.621
1774157177.662,0.62107
1774157178.177,0.6211
1774157178.677,0.62102
1774157179.194,0.621
1774157179.709,0.62096
1774157180.105,0.62096
1774157180.724,0.62111
1774157181.209,0.62101
1774157181.71,0.62088
1774157182.225,0.62092
1774157182.711,0.62095
1774157183.104,0.62095
1774157183.711,0.62095
1774157184.228,0.62102
1774157184.727,0.62106
1774157185.221,0.62112
1774157185.76,0.62114
1774157186.104,0.62114
1774157186.744,0.62132
1774157187.245,0.62135
1774157187.763,0.62131
1774157188.262,0.62139
1774157188.762,0.62136
1774157189.104,0.62136
1774157189.746,0.62126
1774157190.246,0.62154
1774157190.747,0.62157
1774157191.247,0.62168
1774157191.748,0.62179
1774157192.106,0.62179
1774157192.75,0.62176
1774157193.25,0.62171
1774157193.75,0.62175
1774157194.24,0.62172
1774157194.765,0.62168
1774157195.11,0.62168
1774157195.765,0.6217
1774157196.265,0.62162
1774157196.781,0.62151
1774157197.267,0.62148
1774157197.783,0.62156
1774157198.111,0.62156
1774157198.766,0.6216
1774157199.299,0.62157
1774157199.8,0.62157
1774157200.299,0.62154
1774157200.816,0.62148
1774157201.112,0.62148
1774157201.315,0.62153
1774157201.816,0.62156
1774157202.309,0.6216
1774157202.817,0.62162
1774157203.318,0.62157
1774157203.817,0.62162
1774157204.112,0.62162
1774157204.317,0.62165
1774157204.82,0.62169
1774157205.314,0.62169
1774157205.817,0.62163
1774157206.317,0.62166
1774157206.818,0.6217
1774157207.114,0.6217
1774157207.319,0.62173
1774157207.805,0.62176
1774157208.305,0.62173
1774157208.805,0.6217
1774157209.306,0.62173
1774157209.807,0.62177
1774157210.114,0.62177
1774157210.808,0.62183
1774157211.306,0.62176
1774157211.808,0.62182
1774157212.307,0.6219
1774157212.808,0.62194
1774157213.117,0.62194
1774157213.809,0.62172
1774157214.308,0.62176
1774157214.808,0.62173
1774157215.308,0.6216
1774157215.808,0.62153
1774157216.118,0.62153
1774157216.809,0.62127
1774157217.311,0.6213
1774157217.813,0.62132
1774157218.313,0.62136
1774157218.813,0.6214
1774157219.119,0.6214
1774157219.813,0.62152
1774157220.313,0.62148
1774157220.813,0.62141
1774157221.314,0.62136
1774157221.816,0.62132
1774157222.119,0.62132
1774157222.834,0.62128
1774157223.318,0.62128
1774157223.863,0.6213
1774157224.347,0.62138
1774157224.847,0.62132
1774157225.119,0.62132
1774157225.348,0.62138
1774157225.863,0.62142
1774157226.319,0.62142
1774157226.843,0.62147
1774157227.351,0.62157
1774157227.867,0.62164
1774157228.119,0.62164
1774157228.367,0.6218
1774157228.882,0.62176
1774157229.319,0.62176
1774157229.898,0.62169
1774157230.399,0.6218
1774157230.899,0.62176
1774157231.12,0.62176
1774157231.399,0.62172
1774157231.9,0.62167
1774157232.321,0.62167
1774157232.917,0.62194
1774157233.417,0.62187
1774157233.919,0.62183
1774157234.123,0.62183
1774157234.417,0.62169
1774157234.917,0.62164
1774157235.323,0.62164
1774157235.948,0.62167
1774157236.417,0.62155
1774157236.918,0.62151
1774157237.124,0.62151
1774157237.419,0.62151
1774157237.921,0.62154
1774157238.324,0.62154
1774157238.922,0.62151
1774157239.421,0.62156
1774157239.921,0.62159
1774157240.126,0.62159
1774157240.421,0.62163
1774157240.921,0.62166
1774157241.325,0.62166
1774157241.922,0.62166
1774157242.422,0.62166
1774157242.924,0.6217
1774157243.125,0.6217
1774157243.439,0.62162
1774157243.923,0.62158
1774157244.326,0.62158
1774157244.939,0.62165
1774157245.439,0.62162
1774157245.939,0.62145
1774157246.439,0.6214
1774157246.946,0.62144
1774157247.328,0.62144
